Time(sec)	Speed	Age(yr)	Dominant	Gender#	HD	hand used
18.12	3.3112583	11.906913	0	1	R	L
21.21	2.8288543	16.366872	0	1	R	L
38.12	1.5739769	5.0376454	0	1	R	L
21.34	2.8116214	11.356605	1	0	R	R
26.31	2.2805017	7.5564682	1	1	R	R
39.19	1.5310028	4.5776865	1	1	R	R
32	1.8750000	9.2566735	0	0	R	L
18.63	3.2206119	13.533196	1	0	R	R
40.12	1.4955135	3.7563313	1	0	R	R
28.03	2.1405637	3.7563313	1	0	R	R
25.63	2.3410066	5.7796030	1	1	R	R
22	2.7272727	7.1841205	1	0	R	R
24.25	2.4742268	5.0595483	1	1	L	L
19.28	3.1120332	7.1923340	1	0	R	R
29.78	2.0147750	5.6016427	1	1	R	R
41.56	1.4436959	NA	1	1	R	R
23.69	2.5327142	7.1266256	1	1	L	L
19.4	3.0927835	9.0622861	1	0	R	R
25.19	2.3818976	7.8795346	1	0	R	R
26.81	2.2379709	9.0924025	1	1	R	R
23	2.6086957	7.2607803	1	0	R	R
30.09	1.9940179	4.9007529	1	1	R	R
19.35	3.1007752	13.927447	1	1	R	R
17.22	3.4843206	12.577687	1	1	R	R
18.53	3.2379924	16.980151	1	1	R	R
21.75	2.7586207	10.368241	1	1	R	R
37.66	1.5932023	4.7173169	1	0	R	R
14.03	4.2765502	12.898015	1	0	R	R
20.78	2.8873917	8.1724846	1	1	R	R
19.16	3.1315240	11.030801	1	0	R	R
30.37	1.9756338	5.1307324	1	0	R	R
33.84	1.7730496	3.3127995	1	0	R	R
23	2.6086957	10.970568	1	0	R	R
24.62	2.4370431	8	1	0	L	L
17.31	3.4662045	11.723477	1	1	R	R
47.13	1.2730745	3.5728953	1	0	R	R
16.53	3.6297641	14.045175	1	0	R	R
19.06	3.1479538	15.638604	1	1	R	R
20.59	2.9140359	11.608487	1	1	R	R
40.43	1.4840465	4.0136893	1	1	R	R
25.56	2.3474178	9.1279945	1	0	R	R
35.16	1.7064846	8.0109514	1	0	R	R
12.47	4.8115477	14.447639	1	0	R	R
25.5	2.3529412	9.0568104	1	1	R	R
36.07	1.6634322	7.8631075	1	0	R	R
27.75	2.1621622	5.5304586	1	0	R	R
28.31	2.1193924	11.077344	0	0	R	L
38.94	1.5408320	6.0835044	1	1	L	L
26.87	2.2329736	13.544148	0	0	R	L
42.38	1.4157622	4.8432580	1	1	R	R
33	1.8181818	6.8774812	1	1	R	R
20.07	2.9895366	14.428474	0	0	R	L
25.66	2.3382697	10.160164	0	0	R	L
19.06	3.1479538	16.386037	1	1	R	R
33.07	1.8143332	8.7939767	0	0	R	L
25.94	2.3130301	8.7939767	0	0	R	L
27.59	2.1747010	8.7665982	0	0	R	L
26	2.3076923	6.1108830	1	1	R	R
35.34	1.6977929	4.7939767	1	1	L	L
21.09	2.8449502	15.227926	0	1	R	L
20.69	2.8999517	13.859001	0	1	R	L
16.81	3.5693040	15.498973	1	1	R	R
29.28	2.0491803	4.8377823	1	0	L	L
33.62	1.7846520	5.1115674	1	0	R	R
32.75	1.8320611	9.4784394	0	0	R	L
26.28	2.2831050	12.169747	1	1	R	R
25.72	2.3328149	11.712526	1	1	R	R
22.89	2.6212320	9.3497604	1	1	R	R
26.29	2.2822366	7.2635181	1	1	L	L
46.37	1.2939400	9.1471595	0	1	R	L
23.87	2.5136154	13.390828	1	0	R	R
45.31	1.3242110	4.2381930	1	1	R	R
29.63	2.0249747	9.4839151	0	0	R	L
18.22	3.2930845	12.320329	0	1	R	L
18.65	3.2171582	13.913758	1	0	R	R
20.34	2.9498525	9.8316222	0	1	R	L
24.34	2.4650781	13.015743	0	0	R	L
28.28	2.1216407	12.851472	0	1	R	L
18.19	3.2985157	12.186174	0	0	R	L
37.47	1.6012810	5.8590007	0	0	R	L
22.16	2.7075812	15.923340	1	0	L	L
17.47	3.4344591	14.847365	1	1	R	R
47	1.2765957	3.2936345	1	0	R	R
30.68	1.9556714	7.3702943	0	0	R	L
15.25	3.9344262	16.563997	1	0	R	R
24.81	2.4183797	11.581109	0	0	R	L
22.25	2.6966292	16.739220	1	0	R	R
22.38	2.6809651	12.676249	0	0	R	L
64.18	0.93487068	4.0164271	1	1	L	L
26.9	2.2304833	10.277892	0	1	R	L
25.84	2.3219814	6.9130732	0	1	L	R
23.97	2.5031289	9.4236824	1	1	R	R
34.97	1.7157564	4.9418207	1	1	R	R
21.87	2.7434842	9.8042437	0	0	R	L
21.56	2.7829314	7.8767967	1	1	R	R
20.75	2.8915663	12.150582	0	0	R	L
14.88	4.0322581	16.596851	1	0	R	R
21.9	2.7397260	10.759754	1	0	R	R
44.75	1.3407821	8.6324435	0	0	R	L
26.84	2.2354694	15.362081	0	0	R	L
16.54	3.6275695	15.509925	1	0	L	L
19.4	3.0927835	13.979466	0	0	R	L
20.37	2.9455081	9.1800137	1	0	L	L
27.46	2.1849964	7.0882957	0	0	R	L
28.19	2.1284143	5.9192334	0	0	R	L
72.37	0.82907282	3.0581793	0	0	R	L
21.44	2.7985075	7.8357290	1	1	R	R
41.01	1.4630578	4.4462697	1	0	R	R
19.57	3.0659172	13.316906	1	0	R	R
25.38	2.3640662	10.280630	1	1	R	R
48.25	1.2435233	3.4004107	1	1	R	R
32.56	1.8427518	5.0239562	1	1	R	R
17.19	3.4904014	16.780287	0	0	R 	L 
21.50	2.7906977	15.991786	1	0	R	R
34.50	1.7391304	7.3292266	1	0	R	R
15.69	3.8240918	16.783025	1	0	R	R
15.97	3.7570445	16.889802	0	1	R	L
18.34	3.2715376	14.918549	0	0	R	L
18.53	3.2379924	16.903491	0	0	L 	R
22.28	2.6929982	16.963723	1	1	R	R
18.91	3.1729244	15.655031	0	0	R	L
25.16	2.3847377	5.3004791	1	0	L	L
44.06	1.3617794	4.7392197	0	1	R	L
24.25	2.4742268	10.732375	0	0	R	L
18.12	3.3112583	15.575633	1	0	R	R
20.75	2.8915663	15.060917	0	0	R	L
23.10	2.5974026	12.725530	0	0	R	L
20.97	2.8612303	10.305270	0	0	R	L
21.53	2.7868091	13.180014	0	1	R	L
14.28	4.2016807	15.841205	1	0	R	R
19.88	3.0181087	15.211499	1	0	L	L
23.09	2.5985275	15.271732	1	0	R	R
18.66	3.2154341	11.310062	1	1	R	R
21.97	2.7309968	14.543463	0	0	R	L
18.72	3.2051282	15.225188	0	1	R	L
22.91	2.6189437	10.209446	1	0	L	L
19.00	3.1578947	13.524983	0	1	R	L
20.81	2.8832292	12.027379	0	1	R	L
19.47	3.0816641	10.083504	0	0	R	L
19.25	3.1168831	10.866530	1	1	R	R
26.10	2.2988506	11.605749	0	0	L	R
23.90	2.5104603	10.787132	0	0	R	L
23.72	2.5295110	8.6351814	0	1	R	L
24.09	2.4906600	7.2498289	1	0	R	R
24.74	2.4252223	9.6208077	1	0	R	R
30.41	1.9730352	6.5872690	0	0	R	L
22.63	2.6513478	9.5906913	1	1	R	R
35.87	1.6727070	7.7809719	0	1	R	L
25.88	2.3183926	6.6611910	1	1	R	R
24.38	2.4610336	9.1197810	0	1	L	R
21.56	2.7829314	8.4736482	1	1	R	R
19.34	3.1023785	12.314853	1	1	R	R
24.88	2.4115756	10.346338	0	1	R	L
22.59	2.6560425	9.6290212	1	1	R	R
19.66	3.0518820	13.160849	1	1	R	R
24.06	2.4937656	9.7905544	1	1	R	R
19.94	3.0090271	9.9603012	0	1	L	R
22.81	2.6304253	11.926078	0	1	R	L
19.87	3.0196276	9.3853525	0	1	R	L
25.15	2.3856859	9.2402464	0	1	R	L
20.84	2.8790787	8.7036277	1	1	R	R
24.84	2.4154589	7.8576318	1	1	R	R
21.84	2.7472527	10.119097	1	1	R	R
43.97	1.3645668	8.4353183	0	1	R	L
30	2	6.6858316	0	1	R	L
33.43	1.7947951	6.7707050	1	1	R	R
20.1	2.9850746	9.7686516	1	1	R	R
27.57	2.1762786	6.4722793	1	0	R	R
42.63	1.4074595	6.0232717	0	1	R	L
33.13	1.8110474	6.7542779	0	0	R	L
27.5	2.1818182	6.9322382	1	1	R	R
40.16	1.4940239	6.1218344	0	0	R	L
36.75	1.6326531	6.2286105	0	1	R	L
29.63	2.0249747	6.1300479	1	1	R	R
31.84	1.8844221	6.2450376	0	0	R	L
