Date	Year	Month	Day	Day of Year	Avg Temp (C)	Max Temp (C)	Min Temp (C)	Avg Temp (F)	Max Temp (F)	Min Temp (F)	Avg Rel Hum (%)	Max Rel Hum (%)	Min Rel Hum (%)	Avg Sol Rad (w/m^2)	Max Sol Rad (w/m^2)	Min Sol Rad (w/m^2)	Total Sol Rad (w/m^2)	Avg Wind (mph)	Max Wind (mph)	Min Wind (mph)	Avg Barom (mb)	Max Barom (mb)	Min Barom (mb)	Precip (in)	Deep Well (ft)	Shallow Well (ft)	80 cm Soil (C)	10 cm Soil (C)
01/01/2011 12:00 AM	2011	1	1	1	5.21	10.57	1.59	41.38	51.03	34.86	79.02	90.5	66.3	54.41	349	0	7780	0.53	8.55	0	1011.47	1014	1008	0	5.23	1.6	5.17	2.74
01/02/2011 12:00 AM	2011	1	2	2	2.53	6.22	-2.96	36.55	43.2	26.67	79.34	96.1	57.28	40.44	448	0	5783	2.13	27.4	0	1008.17	1010	1007	0.07	5.2	1.18	5.2	2.67
01/03/2011 12:00 AM	2011	1	3	3	-4.17	-1.63	-5.59	24.5	29.07	21.94	59.26	71.5	48.64	52.47	482	0	7503	4.43	26.74	0	1011.17	1013	1008	0	4.89	1.36	5.14	2.64
01/04/2011 12:00 AM	2011	1	4	4	-3.97	1.79	-8.63	24.85	35.22	16.47	69.41	85.7	48.8	49.41	364	0	7066	0.43	11.84	0	1005.7	1012	1001	0	4.66	1.47	5.07	2.15
01/05/2011 12:00 AM	2011	1	5	5	-3.13	0.47	-6.92	26.37	32.85	19.54	65.88	87.3	43.18	85.46	577	0	12221	3.38	26.08	0	1001.78	1003	1001	0	4.59	1.54	4.97	1.91
01/06/2011 12:00 AM	2011	1	6	6	-7.05	-1.84	-11.27	19.31	28.69	11.71	73.43	88.6	45.23	82.59	508	0	11810	0.82	13.15	0	998.5	1001	995	0	4.62	1.6	4.87	1.64
01/07/2011 12:00 AM	2011	1	7	7	-6.14	-4.28	-10.54	20.95	24.3	13.03	79.58	93.7	58.63	31.75	183	0	4540	2.33	17.97	0	992.08	995	990	0.1	4.69	1.65	4.76	1.37
01/08/2011 12:00 AM	2011	1	8	8	-4.6	-0.98	-6.92	23.73	30.24	19.54	81.56	93.3	59.52	25.67	260	0	3670	2.01	15.56	0	991.13	993	990	0.01	4.78	1.66	4.62	1.39
01/09/2011 12:00 AM	2011	1	9	9	-6.17	-3.82	-7.64	20.89	25.12	18.25	77.35	91.3	62.84	25.7	169	0	3675	3.82	28.72	0	1001.66	1009	992	0.05	4.9	1.72	4.54	1.65
01/10/2011 12:00 AM	2011	1	10	10	-7.89	-4.54	-11.8	17.8	23.83	10.76	73.13	92.5	59.2	46.94	364	0	6712	2.39	27.62	0	1014.19	1018	1009	0	5.07	1.76	4.49	1.84
01/11/2011 12:00 AM	2011	1	11	11	-7.45	-4.48	-10.28	18.59	23.94	13.5	75.89	91.9	60.66	68.84	565	0	9776	1.7	13.59	0	1014.85	1018	1007	0	5.19	1.78	4.48	1.82
01/12/2011 12:00 AM	2011	1	12	12	-7.29	-5.07	-8.44	18.88	22.87	16.81	91.92	94.6	68.61	4.56	26	0	652	3.76	25.43	0	998.73	1007	994	0.82	5.17	1.75	4.46	1.89
01/13/2011 12:00 AM	2011	1	13	13	-8.4	-6.59	-10.02	16.89	20.14	13.96	75.1	91.1	62.98	37.78	417	0	5402	2.98	17.54	0	1012.61	1017	1003	0.26	5.21	1.85	4.46	2.04
01/14/2011 12:00 AM	2011	1	14	14	-12.03	-8.9	-17.81	10.35	15.98	-0.06	76.73	90.1	63.39	53.16	429	0	7601	1.59	11.4	0	1018.08	1019	1017	0	5.35	1.88	4.45	2.14
01/15/2011 12:00 AM	2011	1	15	15	-10.49	-2.03	-19.93	13.11	28.35	-3.87	78.68	91.4	61.25	67.84	511	0	9701	1.77	16	0	1010.4	1017	1004	0.01	5.43	1.86	4.45	2.2
01/16/2011 12:00 AM	2011	1	16	16	-5.79	-1.18	-11.8	21.59	29.88	10.76	64.6	86.3	42.98	111.23	669	0	15905	4.03	21.48	0	1009.59	1016	1004	0	5.47	1.93	4.44	2.24
01/17/2011 12:00 AM	2011	1	17	17	-13.59	-9.17	-19.27	7.54	15.49	-2.69	62.3	78.2	37.51	114.08	535	0	16200	1.24	17.76	0	1019.31	1022	1016	0	5.58	2.01	4.43	2.25
01/18/2011 12:00 AM	2011	1	18	18	-4.32	0.08	-9.49	24.22	32.14	14.92	87.1	96.4	50.36	9.37	52	0	1340	3.13	19.51	0	1008.59	1019	998	0.76	5.65	2	4.42	2.25
01/19/2011 12:00 AM	2011	1	19	19	-3.41	-0.78	-7.84	25.86	30.6	17.89	92.29	96.4	86.5	26.59	149	0	3802	1.09	9.86	0	1001.1	1007	997	0.07	5.59	1.78	4.41	2.24
01/20/2011 12:00 AM	2011	1	20	20	-7.83	-5.21	-10.81	17.91	22.62	12.54	85.22	92.7	71.6	50.11	503	0	7166	1.01	15.56	0	1008.14	1010	1003	0	5.62	1.8	4.41	2.2
01/21/2011 12:00 AM	2011	1	21	21	-7.83	-5.74	-10.48	17.91	21.67	13.14	84.07	92.9	70.3	11.53	77	0	1649	3.51	28.72	0	996.99	1003	994	0.35	5.57	1.79	4.38	2.17
01/22/2011 12:00 AM	2011	1	22	22	-13.06	-6.4	-18.41	8.5	20.48	-1.14	77.82	89.5	54.84	20.83	119	0	2958	1.25	20.17	0	1005.51	1008	1002	0	5.58	1.94	4.35	2.14
01/23/2011 12:00 AM	2011	1	23	23	-16.42	-10.36	-22.31	2.44	13.35	-8.16	75.8	87	59.62	21.42	109	0	3041	1.89	19.95	0	1009.26	1018	1004	0	5.67	2.04	4.33	2.12
01/24/2011 12:00 AM	2011	1	24	24	-21.27	-14.99	-28.4	-6.29	5.02	-19.12	63.31	76.8	27.4	58.13	466	0	8255	0.93	9.86	0	1021.21	1025	1018	0	5.81	2.21	4.29	2.1
01/25/2011 12:00 AM	2011	1	25	25	-8.8	-3.82	-17.02	16.17	25.12	1.36	83.84	95	72.6	20.6	126	0	2945	0.63	7.67	0	1013.82	1019	1012	0.02	5.91	2.28	4.26	2.08
01/26/2011 12:00 AM	2011	1	26	26	-4.22	1.07	-9.23	24.41	33.93	15.39	81.19	94.2	58.92	40.16	327	0	5742	1.26	14.69	0	1007.69	1013	998	0	5.97	2.34	4.24	2.06
01/27/2011 12:00 AM	2011	1	27	27	-4.78	-1.04	-9.69	23.39	30.13	14.56	81.02	92.7	61.71	55.53	449	0	7940	2.54	20.6	0	1000.29	1004	997	0.01	6	2.36	4.2	2.03
01/28/2011 12:00 AM	2011	1	28	28	-5.98	-0.58	-11.47	21.23	30.96	11.35	85.57	95	60.65	56.16	409	0	8031	0.25	8.55	0	1003.47	1004	1002	0.01	6.09	2.41	4.18	2
01/29/2011 12:00 AM	2011	1	29	29	-4.14	1	-6.85	24.54	33.8	19.67	80.37	94.9	51.05	44.32	532	0	6337	0.62	10.74	0	1005.79	1009	1003	0	6.19	2.46	4.15	1.98
01/30/2011 12:00 AM	2011	1	30	30	-5.53	-2.7	-7.11	22.05	27.14	19.2	77.33	91.7	61.9	50.81	402	0	7265	2.25	20.82	0	1011.52	1017	1008	0	6.29	2.52	4.11	1.95
01/31/2011 12:00 AM	2011	1	31	31	-10.89	-6.86	-15.11	12.39	19.65	4.8	58.74	86.8	27.52	139.09	582	0	19890	2.19	18.41	0	1022.74	1026	1017	0	6.42	2.59	4.07	1.92
02/01/2011 12:00 AM	2011	2	1	32	-9.37	-6.39	-14.97	15.14	20.5	5.05	85.51	93.2	63.81	8.43	57	0	1205	1.09	9.64	0	1020.01	1024	1017	0.52	6.5	2.61	4.03	1.9
02/02/2011 12:00 AM	2011	2	2	33	-5.48	-3.22	-7.44	22.14	26.2	18.61	89.98	94.8	77.9	14.18	107	0	2027	5.15	28.06	0	1005.8	1017	998	0.71	6.48	2.61	4	1.87
02/03/2011 12:00 AM	2011	2	3	34	-9.95	-5.81	-13.65	14.09	21.54	7.43	69.68	85.3	50.65	130.16	573	0	18482	2.66	23.89	0	1016.11	1019	1007	0	6.51	2.72	3.97	1.83
02/04/2011 12:00 AM	2011	2	4	35	-8.23	0.87	-17.35	17.18	33.57	0.77	58.95	88.2	20.17	139.27	605	0	19915	1.16	19.07	0	1013.5	1019	1011	0	6.63	2.73	3.94	1.79
02/05/2011 12:00 AM	2011	2	5	36	-4.16	1.66	-11.87	24.51	34.99	10.63	80.98	96.3	45.97	49.91	585	0	7136	1.64	21.7	0	1001.34	1011	985	0.57	6.67	2.69	3.9	1.76
02/06/2011 12:00 AM	2011	2	6	37	-0.63	2.45	-2.03	30.87	36.41	28.35	81.33	96.4	64.47	80.35	755	0	11410	3.93	40.55	0	1002.12	1011	985	0.17	6.62	1.88	3.87	1.7
02/07/2011 12:00 AM	2011	2	7	38	-0.52	1.99	-3.15	31.07	35.58	26.33	82.59	95.5	65.86	55.82	468	0	7926	0.68	9.43	0	1007.39	1010	1000	0.05	6.45	1.84	3.79	1.65
02/08/2011 12:00 AM	2011	2	8	39	-5.18	0.14	-13.66	22.68	32.25	7.41	87.33	97.1	66.39	56.73	696	0	7999	3.1	28.93	0	999.14	1010	994	0.42	6.16	1.86	3.73	1.62
02/09/2011 12:00 AM	2011	2	9	40	-8.63	-2.37	-14.05	16.47	27.73	6.71	52.33	79.6	26.85	129.04	682	0	18324	2.58	24.11	0	1010.44	1013	1008	0	6.04	2.01	3.7	1.59
02/10/2011 12:00 AM	2011	2	10	41	-10.18	-5.93	-17.22	13.68	21.33	1	57.6	80.6	42.53	107.84	697	0	15421	2.65	17.97	0	1008.36	1011	1006	0	6.01	2.06	3.68	1.57
02/11/2011 12:00 AM	2011	2	11	42	-12.54	-2.77	-22.18	9.43	27.01	-7.92	62.56	86.3	27.31	145.64	660	0	20826	0.95	14.69	0	1011.14	1013	1009	0	6.01	2.16	3.68	1.56
02/12/2011 12:00 AM	2011	2	12	43	-5.86	-0.46	-14.31	21.45	31.17	6.24	66.68	85.6	40.22	65.04	301	0	9301	2.55	32	0	1004.43	1009	1000	0	6.01	2.19	3.67	1.55
02/13/2011 12:00 AM	2011	2	13	44	-3.27	2.46	-9.43	26.11	36.43	15.03	69.48	88.4	53.93	61.97	505	0	8862	2.07	28.06	0	1005.86	1010	999	0.01	6.04	2.28	3.67	1.56
02/14/2011 12:00 AM	2011	2	14	45	3.54	12.07	-2.36	38.37	53.73	27.75	60.23	81.9	33.04	92.76	638	0	13265	3.18	37.7	0	993.47	1003	987	0.02	6.03	2.11	3.67	1.55
02/15/2011 12:00 AM	2011	2	15	46	-9.07	-2.69	-13.98	15.67	27.16	6.84	50.04	73.3	28.91	157.65	647	0	22544	3.94	28.06	0	1016.05	1023	1003	0	6.08	1.89	3.65	1.52
02/16/2011 12:00 AM	2011	2	16	47	-4.34	4.69	-14.51	24.18	40.44	5.88	52.35	76.5	24.26	122.65	771	0	17540	1.13	15.56	0	1017	1022	1013	0	6.06	1.86	3.64	1.51
02/17/2011 12:00 AM	2011	2	17	48	3.46	13.86	-3.35	38.22	56.95	25.97	67.99	85.5	37.67	110.78	706	0	15842	0.06	5.7	0	1012.1	1014	1009	0	5.95	1.86	3.61	1.52
02/18/2011 12:00 AM	2011	2	18	49	7.77	15.38	1.92	45.99	59.68	35.46	59.14	85.6	23	81.33	615	0	11630	1.52	28.5	0	1000.24	1009	995	0	5.83	1.5	3.61	1.5
02/19/2011 12:00 AM	2011	2	19	50	-5.09	5.69	-11.87	22.84	42.24	10.63	62.88	91	29.56	88.93	487	0	12717	6.73	39.46	0	1000.23	1010	995	0.09	5.59	1.27	3.59	1.47
02/20/2011 12:00 AM	2011	2	20	51	-9.51	-5.08	-13.98	14.88	22.86	6.84	55.54	72.3	41.46	166.28	690	0	23778	3.3	32.44	0	1012.74	1015	1009	0	5.29	1.4	3.55	1.47
02/21/2011 12:00 AM	2011	2	21	52	-8.74	-5.74	-13.39	16.26	21.67	7.9	68.16	90.7	47.96	99.31	617	0	14201	2.35	17.97	0	1005.12	1010	1003	0.04	5.08	1.43	3.52	1.47
02/22/2011 12:00 AM	2011	2	22	53	-11.37	-5.35	-16.69	11.53	22.37	1.96	54.37	71.1	41.34	172.19	692	0	24622	2.67	17.76	0	1012.97	1018	1006	0	4.99	1.53	3.51	1.49
02/23/2011 12:00 AM	2011	2	23	54	-9.57	-0.59	-17.28	14.78	30.94	0.9	50.44	76.5	20.3	179.46	695	0	25663	1.52	14.25	0	1019.3	1021	1018	0	5.03	1.59	3.5	1.49
02/24/2011 12:00 AM	2011	2	24	55	-3.75	4.82	-15.24	25.25	40.68	4.57	53.31	75.8	21.88	101.71	767	0	14545	1.41	23.02	0	1013.9	1019	1009	0	5.05	1.59	3.5	1.45
02/25/2011 12:00 AM	2011	2	25	56	-1.42	1.79	-5.07	29.44	35.22	22.87	91.19	96.6	66.13	3.08	19	0	441	0.02	5.48	0	998.2	1009	987	1.06	5	1.58	3.49	1.44
02/26/2011 12:00 AM	2011	2	26	57	-4.18	-1.45	-5.86	24.48	29.39	21.45	75.87	92.9	55.95	17.08	93	0	2442	0.88	23.24	0	1011.66	1014	1007	0.01	5.01	1.65	3.48	1.47
02/27/2011 12:00 AM	2011	2	27	58	-2.61	2.25	-5.01	27.3	36.05	22.98	85.22	95.1	55.35	23.56	564	0	3369	1.25	9.43	0	1009.13	1013	1005	0.17	5.07	1.62	3.48	1.48
02/28/2011 12:00 AM	2011	2	28	59	0.53	5.96	-4.15	32.95	42.73	24.53	83.58	94.3	60.18	19.72	153	0	2821	4.89	34.85	0	1001.69	1012	992	0.42	5.08	1.53	3.48	1.47
03/01/2011 12:00 AM	2011	3	1	60	-4.37	0.2	-9.55	24.14	32.36	14.81	54.65	71.7	27.84	184.9	727	0	26440	2.84	23.02	0	1014.93	1019	1005	0	5.06	1.48	3.46	1.47
03/02/2011 12:00 AM	2011	3	2	61	-3.63	4.9	-11.47	25.46	40.82	11.35	57.46	82.7	43.11	75.87	625	0	10243	3.4	34.2	0	1011.72	1021	1007	0.01	5.02	1.51	3.45	1.45
03/03/2011 12:00 AM	2011	3	3	62	-11.92	-5.74	-16.62	10.54	21.67	2.08	47.89	68.73	24.01	214.86	760	0	30724	2.53	19.95	0	1028.28	1031	1021	0	5.04	1.62	3.43	1.44
03/04/2011 12:00 AM	2011	3	4	63	-5.31	3.3	-16.43	22.45	37.94	2.43	52.43	77.3	22.35	186.57	812	0	26680	2.94	19.73	0	1029.47	1032	1026	0	5.13	1.59	3.43	1.44
03/05/2011 12:00 AM	2011	3	5	64	4.85	9.38	-0.38	40.73	48.88	31.32	81.82	93.8	63.86	52.11	368	0	7451	4.46	29.59	0	1019.83	1026	1014	0.02	5.14	1.44	3.43	1.44
03/06/2011 12:00 AM	2011	3	6	65	4.9	8.32	-0.52	40.82	46.98	31.06	92.41	96.3	82.2	32.04	191	0	4582	2.41	20.39	0	1008.48	1014	1002	1.89	5.03	0.93	3.32	1.09
03/07/2011 12:00 AM	2011	3	7	66	-4.75	-0.18	-8.17	23.46	31.68	17.29	91.51	96.4	86.4	69.33	353	0	9845	0.63	12.71	0	1006.57	1020	996	0.54	4.42	0.89	3.05	0.54
03/08/2011 12:00 AM	2011	3	8	67	-5.06	0.14	-10.74	22.9	32.25	12.67	87.17	95.5	64.21	157.92	695	0	22583	0.21	10.74	0	1026.57	1030	1020	0	4.13	1.07	3.06	0.86
03/09/2011 12:00 AM	2011	3	9	68	-1.67	2.45	-6.32	29	36.41	20.62	76.53	95.7	56.93	113.69	586	0	16257	3.86	27.18	0	1028.69	1032	1025	0	4.02	1.15	3.11	1.13
03/10/2011 12:00 AM	2011	3	10	69	0.81	3.25	-1.44	33.46	37.85	29.41	89.55	93.6	74.8	12.16	60	0	1726	5.21	22.8	0	1018.16	1025	1009	0.29	3.9	1.13	3.13	1.24
03/11/2011 12:00 AM	2011	3	11	70	5.26	10.11	2.25	41.47	50.2	36.05	85.2	95.3	65.6	53.28	619	0	7566	2.65	24.77	0	1002.91	1009	1001	0.47	3.74	0.84	3.04	0.94
03/12/2011 12:00 AM	2011	3	12	71	2.05	5.02	-0.51	35.7	41.04	31.08	75.35	92.4	59.56	85.83	776	0	12102	1.28	18.41	0	1002.2	1004	1001	0.02	3.61	0.91	2.94	0.84
03/13/2011 12:00 AM	2011	3	13	72	2.09	4.88	0.6	35.76	40.78	33.08	79.44	95.1	63.6	134.71	889	0	18455	3.04	26.08	0	1008.62	1015	1003	0.14	3.57	0.86	2.86	0.78
03/14/2011 12:00 AM	2011	3	14	73	0.11	3.96	-3.49	32.19	39.13	25.72	74.57	93.4	39.46	173.07	842	0	24576	1.35	19.95	0	1019.17	1023	1015	0	3.6	0.93	2.8	0.75
03/15/2011 12:00 AM	2011	3	15	74	0.35	7.86	-6.58	32.64	46.15	20.16	71.54	94.6	38.74	212.21	751	0	30346	1.63	13.37	0	1023.51	1026	1021	0	3.61	0.98	2.78	0.8
03/16/2011 12:00 AM	2011	3	16	75	2.63	7	-0.19	36.73	44.6	31.66	88.84	95.5	78.1	66.72	891	0	9541	1.78	19.73	0	1013.98	1021	1009	0.52	3.55	0.86	2.75	0.73
03/17/2011 12:00 AM	2011	3	17	76	6.45	13.46	0.8	43.61	56.23	33.44	66.22	90.3	34.89	209.12	744	0	29904	1.52	16.44	0	1013.03	1016	1008	0	3.47	0.81	2.71	0.77
03/18/2011 12:00 AM	2011	3	18	77	8.61	14.19	4.3	47.51	57.54	39.74	59.68	94.1	29.14	156.93	822	0	22441	2.37	30.47	0	1005.31	1009	1002	0.04	3.46	0.8	2.67	2.4
03/19/2011 12:00 AM	2011	3	19	78	2.36	5.63	-2.56	36.25	42.13	27.39	64.32	87.6	40.39	158.12	919	0	22611	3.18	24.99	0	1016.76	1026	1008	0	3.46	0.86	2.88	3.87
03/20/2011 12:00 AM	2011	3	20	79	-0.34	6.87	-7.05	31.39	44.37	19.31	58.27	89.8	25.05	238.35	786	0	34085	0.83	11.18	0	1027.94	1031	1025	0	3.53	1.05	3.29	3.26
03/21/2011 12:00 AM	2011	3	21	80	0.37	2.72	-1.3	32.67	36.9	29.66	78.87	95.9	35.58	8.94	40	0	1278	2.45	20.82	0	1013.44	1025	1004	0.27	3.54	1.1	3.52	2.87
03/22/2011 12:00 AM	2011	3	22	81	1.61	3.12	-0.58	34.9	37.62	30.96	79.13	93	63.75	50.01	349	0	7151	2.93	20.6	0	1007.03	1009	1004	0.01	3.5	0.97	3.6	2.44
03/23/2011 12:00 AM	2011	3	23	82	-2.01	0.09	-3.75	28.38	32.16	25.25	65.87	84.6	40.34	86.27	417	0	12336	1.64	10.74	0	1004.59	1009	999	0	3.47	1.12	3.58	2.33
03/24/2011 12:00 AM	2011	3	24	83	-1.5	3.37	-5.53	29.3	38.07	22.05	64.59	91	34.37	225.8	989	0	30257	2.49	17.32	0	1000.63	1006	998	0.01	3.48	1.19	3.57	2.79
03/25/2011 12:00 AM	2011	3	25	84	-3.27	1	-6.65	26.11	33.8	20.03	60.07	90.9	28.76	198.86	1089	0	27841	2.79	29.59	0	1006.1	1008	1004	0	3.56	1.24	3.61	2.52
03/26/2011 12:00 AM	2011	3	26	85	-4.31	0.87	-10.15	24.24	33.57	13.73	50.13	79	30.22	231.75	1010	0	33140	3.63	23.89	0	1007.45	1009	1006	0	3.64	1.3	3.64	1.95
03/27/2011 12:00 AM	2011	3	27	86	-3.61	2.51	-8.56	25.49	36.52	16.59	48.95	79	22.34	244.23	849	0	34925	3.54	24.55	0	1006.53	1009	1004	0	3.71	1.33	3.59	1.84
03/28/2011 12:00 AM	2011	3	28	87	-1.94	4.16	-7.11	28.51	39.49	19.2	39.46	57.7	23.74	244.73	843	0	34997	5.56	25.43	0	1006.34	1009	1004	0	3.78	1.38	3.52	1.76
03/29/2011 12:00 AM	2011	3	29	88	-0.81	4.03	-6.19	30.55	39.25	20.86	55.12	79.4	38.08	204.87	1047	0	26838	2.67	20.6	0	1010.79	1014	1009	0	3.86	1.41	3.46	1.86
03/30/2011 2:00 AM	2011	3	30	89	3.12	10.02	-4.8	37.61	50.04	23.36	57.16	88.7	28.55	272.08	882	0	35642	1.54	15.34	0	1012.12	1016	1009	0	3.97	1.39	3.43	2.7
03/31/2011 12:00 AM	2011	3	31	90	4.02	7.73	-0.06	39.23	45.91	31.89	55.64	91.7	38.09	91.87	541	0	13137	2.2	16	0	1005.29	1009	1002	0	4	1.37	3.5	3.61
04/01/2011 12:00 AM	2011	4	1	91	0.45	2.32	-0.84	32.81	36.18	30.49	89.91	95.7	81.9	77.82	437	0	11128	1.97	17.1	0	991.46	1001	986	0.35	3.99	1.23	3.67	3.32
04/02/2011 12:00 AM	2011	4	2	92	3.48	9.18	-0.06	38.26	48.52	31.89	71.15	90	39.73	138.32	952	0	19780	3.68	24.77	0	991.94	997	988	0.01	3.92	1.11	3.74	3.16
04/03/2011 12:00 AM	2011	4	3	93	5.27	10.37	1.13	41.49	50.67	34.03	41.33	66.33	16.13	265	904	0	37896	4.43	27.62	0	1004.01	1010	997	0	3.88	1.26	3.79	3.92
04/04/2011 12:00 AM	2011	4	4	94	4.42	7.99	0.54	39.95	46.38	32.97	81.75	95.3	47.81	34.22	306	0	4894	2.12	22.14	0	1001.22	1010	992	0.66	3.86	1.06	3.92	4.16
04/05/2011 12:00 AM	2011	4	5	95	4.92	10.83	0.15	40.85	51.49	32.27	84.48	94.9	60.04	37.37	211	0	5307	3.37	26.96	0	990.18	999	985	0.41	3.65	0.86	4.15	5.01
04/06/2011 12:00 AM	2011	4	6	96	2.92	8.72	-1.44	37.26	47.7	29.41	58.23	83.7	30.34	186.21	1038	0	26629	3.62	27.84	0	1005.54	1011	999	0	3.59	1.12	4.17	3.87
04/07/2011 12:00 AM	2011	4	7	97	2.99	9.96	-3.29	37.39	49.93	26.08	59.76	95.6	20.62	279.23	912	0	39930	1.2	14.91	0	1013.24	1016	1011	0	3.63	1.26	4.3	5.04
04/08/2011 12:00 AM	2011	4	8	98	3.51	11.16	-4.4	38.32	52.09	24.08	54.63	87.9	20.88	195.92	856	0	28017	0.55	12.49	0	1016.56	1019	1014	0	3.65	1.32	4.48	5.24
04/09/2011 12:00 AM	2011	4	9	99	6.27	16.36	-3.29	43.29	61.45	26.08	55.39	88.6	22.99	258.6	863	0	36981	0.73	13.15	0	1014.83	1017	1012	0	3.66	1.35	4.66	6.04
04/10/2011 12:00 AM	2011	4	10	100	9.21	16.7	0.81	48.57	62.06	33.46	63.31	83.2	45.99	227.29	874	0	32503	2.85	19.73	0	1012.46	1016	1007	0	3.66	1.37	4.92	8.17
04/11/2011 12:00 AM	2011	4	11	101	17.29	26.26	9.64	63.12	79.27	49.35	66.23	85.6	43.93	173.4	878	0	24796	3.77	25.21	0	999.27	1008	993	0	3.64	1.38	5.46	11.08
04/12/2011 12:00 AM	2011	4	12	102	12.36	16.9	8.72	54.24	62.42	47.7	45.89	66.44	18.24	148.9	633	0	21292	3.81	27.4	0	1007.15	1015	997	0.01	3.64	1.44	5.92	11.21
04/13/2011 12:00 AM	2011	4	13	103	6.68	10.11	4.83	44.03	50.2	40.69	78.32	94.4	45.02	43.92	354	0	6280	4.26	36.83	0	1010.14	1014	1006	0.29	3.71	1.25	6.47	8.89
04/14/2011 12:00 AM	2011	4	14	104	8.85	15.64	5.23	47.92	60.15	41.41	68.82	95.4	38.92	222.41	925	0	31360	3.07	21.48	0	1010.95	1019	1006	0.01	3.67	1.33	6.77	8.69
04/15/2011 12:00 AM	2011	4	15	105	4.9	12.73	-2.23	40.81	54.91	27.99	48.04	78.3	19.82	294.61	956	0	41834	1.86	13.59	0	1023.39	1026	1019	0	3.75	1.44	6.85	8.72
04/16/2011 12:00 AM	2011	4	16	106	3.11	6.22	0.81	37.59	43.2	33.46	60.53	91	39.67	68.8	407	0	9839	5.47	25.65	0	1016.64	1025	1001	0.29	3.86	1.43	6.9	7.4
04/17/2011 12:00 AM	2011	4	17	107	7.17	11.82	3.05	44.91	53.28	37.49	72.15	95.5	30.27	142.9	1219	0	20435	3.2	28.5	0	997	1003	991	1.41	3.67	0.91	6.91	7.07
04/18/2011 12:00 AM	2011	4	18	108	5.61	12.87	0.94	42.11	55.17	33.69	60.12	91.8	29.08	241.09	924	0	34234	3.61	29.15	0	1007.54	1011	1002	0.04	3.54	1.15	6.83	7.59
04/19/2011 12:00 AM	2011	4	19	109	4.41	5.56	3.25	39.95	42.01	37.85	89.33	94	77.7	62.04	463	0	8872	1.75	11.4	0	1013.49	1016	1010	0.17	3.55	1.22	6.88	8.02
04/20/2011 12:00 AM	2011	4	20	110	6.59	11.69	3.25	43.85	53.04	37.85	83.35	92.6	70.5	60.34	396	0	8629	4.99	22.8	0	1007	1015	1002	0.07	3.5	1.16	7	7.39
04/21/2011 12:00 AM	2011	4	21	111	4.14	7.6	-0.84	39.45	45.68	30.49	59.85	78	44.04	114.63	1047	0	16277	4.06	32.88	0	1013.47	1022	1007	0	3.5	1.29	7	7.28
04/22/2011 12:00 AM	2011	4	22	112	4.4	12.54	-4.01	39.92	54.57	24.78	54.96	90.8	20.55	216.27	945	0	30710	1.45	13.81	0	1023.69	1027	1022	0	3.6	1.37	6.91	6.57
04/23/2011 12:00 AM	2011	4	23	113	4.53	7.93	-0.06	40.16	46.27	31.89	84.35	94.8	37.23	24.5	128	0	3503	3.07	22.36	0	1013.8	1022	1007	0.41	3.6	1.14	6.74	6.56
04/24/2011 12:00 AM	2011	4	24	114	12.23	16.7	7.6	54.01	62.06	45.68	73.96	95.8	41.5	127.13	707	0	18179	1.62	17.76	0	1010.5	1013	1007	0	3.55	1.22	6.67	7.44
04/25/2011 12:00 AM	2011	4	25	115	10.78	14.12	7.33	51.41	57.42	45.19	87.37	94	68.34	67.56	341	0	9661	0.48	14.25	0	1012.93	1015	1011	0.03	3.59	1.29	6.73	8.37
04/26/2011 12:00 AM	2011	4	26	116	18.67	28.18	11.3	65.6	82.72	52.34	74.19	95.5	42.01	207.74	924	0	29499	3.01	25.21	0	1008.61	1011	1006	0.25	3.63	1.14	7.01	9.93
04/27/2011 12:00 AM	2011	4	27	117	19.99	26.19	14.14	67.99	79.14	57.45	77.19	95.2	53.91	166.7	933	0	23672	3.21	32.88	0	1008.36	1011	1005	0.25	3.57	1.11	7.51	12.27
04/28/2011 12:10 AM	2011	4	28	118	18.27	20.4	11.76	64.89	68.72	53.17	81.34	94	63.46	61.27	436	0	8700	3.13	33.1	0	1000.11	1006	997	0.62	3.52	1.02	8.31	13.31
04/29/2011 12:00 AM	2011	4	29	119	9.92	17.43	3.58	49.86	63.37	38.44	71.84	94.9	34.63	132.75	873	0	18850	1.21	17.32	0	1002.6	1007	1001	0.02	3.46	1.1	9.28	12.6
04/30/2011 12:00 AM	2011	4	30	120	8.82	16.1	1.86	47.88	60.98	35.35	60.26	89.5	30.27	243.2	1227	0	34777	2	20.6	0	1012.97	1019	1007	0	3.52	1.3	9.77	11.79
05/01/2011 12:00 AM	2011	5	1	121	11.46	22.83	0.02	52.64	73.09	32.04	53.87	93.5	15.46	310.97	987	0	43847	0.84	12.06	0	1019.08	1021	1016	0	3.62	1.42	9.81	11.55
05/02/2011 12:00 AM	2011	5	2	122	11.82	18.15	4.04	53.27	64.67	39.27	62.64	80.2	43.95	160	925	0	22240	1.64	17.97	0	1017.45	1020	1014	0	3.71	1.51	9.75	11.8
05/03/2011 12:00 AM	2011	5	3	123	17.51	24.22	10.7	63.52	75.6	51.26	67.51	87.7	46.84	150.64	1002	0	21542	2.3	28.72	0	1013.07	1016	1009	0	3.83	1.53	9.73	12.47
05/04/2011 12:00 AM	2011	5	4	124	8.74	17.49	5.03	47.73	63.48	41.05	91.3	95.6	76.5	42.86	176	0	6129	0.93	17.97	0	1009.2	1011	1007	0.89	3.86	1.01	9.95	12.88
05/05/2011 12:00 AM	2011	5	5	125	6	9.45	1.59	42.8	49.01	34.86	84.45	96.1	61.48	120.44	582	0	17103	2.04	21.7	0	1007.15	1009	1006	0.23	3.7	1.03	10.26	11.47
05/06/2011 12:00 AM	2011	5	6	126	11.23	18.42	0.73	52.22	65.16	33.31	49.57	96.7	23.39	279.84	1003	0	40017	2.48	19.73	0	1006.3	1008	1005	0	3.61	1.18	10.25	11.22
05/07/2011 12:00 AM	2011	5	7	127	11.35	18.15	5.1	52.43	64.67	41.18	65.44	92.1	35.55	194.11	1105	0	27758	1.16	16.88	0	1005.44	1007	1004	0	3.62	1.37	10.11	11.75
05/08/2011 12:00 AM	2011	5	8	128	10.98	19	2.78	51.76	66.2	37	68.21	95	41.3	202.35	1294	0	28937	1.61	17.54	0	1008.59	1011	1006	0	3.72	1.49	10.07	11.93
05/09/2011 12:00 AM	2011	5	9	129	11.05	17.49	3.71	51.89	63.48	38.68	59.23	91.2	33.17	326.35	1097	0	46669	2.24	25.43	0	1010.87	1013	1010	0	3.9	1.6	10.1	12.41
05/10/2011 12:00 AM	2011	5	10	130	12.02	20.32	2.39	53.64	68.58	36.3	58.7	91.2	34.49	310.65	1102	0	43491	2.2	19.95	0	1011.8	1013	1010	0	4.11	1.69	10.21	12.69
05/11/2011 12:00 AM	2011	5	11	131	14.08	20.46	9.31	57.35	68.83	48.76	64.98	87.3	40.77	124.34	666	0	17035	0.81	14.25	0	1014.22	1015	1013	0	4.35	1.75	10.35	13.34
05/12/2011 12:00 AM	2011	5	12	132	14.83	24.08	4.7	58.7	75.34	40.46	61.59	93.6	28.67	329.29	1001	0	46760	1.08	11.84	0	1012.56	1015	1010	0	4.55	1.84	10.54	13.53
05/13/2011 12:00 AM	2011	5	13	133	14.04	19.41	7.41	57.26	66.94	45.34	74.09	92.4	53.72	201.47	1145	0	28810	1.02	22.58	0	1008.46	1011	1005	0	4.71	1.9	10.7	13.92
05/14/2011 12:00 AM	2011	5	14	134	13.82	17.23	12.02	56.88	63.01	53.64	83.59	95.7	70.2	55.52	344	0	7939	1	13.15	0	1004.71	1006	1003	0.23	4.87	1.87	10.89	13.93
05/15/2011 12:00 AM	2011	5	15	135	13.13	14.66	10.77	55.64	58.39	51.39	93.65	95.9	89.3	36.84	146	0	5232	0.62	12.49	0	1000.51	1003	999	0.54	4.99	1.43	11	13.55
05/16/2011 12:00 AM	2011	5	16	136	10.99	13.54	9.25	51.78	56.37	48.65	85.74	92.7	74.5	92.12	596	0	12897	2.53	17.97	0	1004.41	1009	1001	0.04	4.88	1.33	11.12	13.18
05/17/2011 12:00 AM	2011	5	17	137	11.4	14.33	9.05	52.53	57.79	48.29	87.03	91.1	78.6	64.84	534	0	9273	2.34	15.12	0	1012.01	1014	1009	0.02	4.71	1.56	11.2	12.96
05/18/2011 12:00 AM	2011	5	18	138	13.31	15.77	11.03	55.95	60.39	51.85	90.6	93.8	86	40.86	237	0	5761	2.32	15.78	0	1013.99	1015	1013	0.18	4.76	1.54	11.23	12.92
05/19/2011 12:00 AM	2011	5	19	139	16.23	22.11	11.96	61.21	71.8	53.53	84.8	95.3	65.15	212.56	1270	0	30184	1.4	14.47	0	1012.78	1014	1012	0.34	4.82	1.27	11.21	13.57
05/20/2011 12:00 AM	2011	5	20	140	16.15	22.18	11.36	61.07	71.92	52.45	83.6	95.9	56.63	190.96	970	0	27308	0.46	10.74	0	1010.17	1012	1008	0.47	4.7	1.19	11.33	14.66
05/21/2011 12:00 AM	2011	5	21	141	14.52	20.47	9.38	58.14	68.85	48.88	90.35	96.1	70.6	142.07	946	0	20316	0.33	10.52	0	1010.38	1013	1009	0.18	4.52	1.38	11.62	14.67
05/22/2011 12:00 AM	2011	5	22	142	14.92	20.59	11.83	58.86	69.06	53.29	83.37	96.2	63.3	172.47	923	0	24663	1.11	15.56	0	1014.81	1016	1013	0	4.53	1.48	11.84	14.76
05/23/2011 12:00 AM	2011	5	23	143	13.81	15.97	11.36	56.86	60.75	52.45	86.69	94.7	82.2	46.33	195	0	6625	2.24	16.44	0	1010.39	1014	1004	0.11	4.58	1.6	12.02	14.67
05/24/2011 12:00 AM	2011	5	24	144	18.77	25.4	14.72	65.78	77.72	58.5	82.42	95.8	53.11	181.85	1056	0	26005	0.94	15.56	0	1003.13	1006	1002	0.05	4.67	1.56	12.12	14.86
05/25/2011 12:00 AM	2011	5	25	145	16.8	24.28	11.36	62.25	75.7	52.45	76.86	95.5	45.25	315.25	1204	0	45081	0.85	9.86	0	1008.8	1011	1006	0	4.8	1.78	12.22	15.62
05/26/2011 12:00 AM	2011	5	26	146	20.92	29.3	11.76	69.66	84.74	53.17	72.7	94.7	49.88	315.31	1026	0	44775	2.29	20.39	0	1007.73	1009	1006	0	4.98	1.98	12.4	16.24
05/27/2011 12:00 AM	2011	5	27	147	21.06	30.16	13.15	69.91	86.29	55.67	75.59	96.2	35.21	276.65	999	0	39561	0.68	33.32	0	1009.9	1013	1008	0.2	5.17	1.99	12.64	17.24
05/28/2011 12:00 AM	2011	5	28	148	21.53	27.71	15.06	70.76	81.88	59.11	73.76	95	44.79	261.78	1117	0	37435	1.9	19.07	0	1012.12	1014	1011	0	5.34	2.25	12.96	17.76
05/29/2011 12:00 AM	2011	5	29	149	22.51	28.11	18.02	72.53	82.6	64.44	75.59	90.5	54.7	268.26	979	0	38361	1.47	20.82	0	1013.27	1015	1012	0	5.53	2.52	13.3	18.29
05/30/2011 12:00 AM	2011	5	30	150	22.66	28.37	17.03	72.79	83.07	62.65	74.13	92.5	35.74	278.11	1069	0	39770	1.01	13.59	0	1014.31	1017	1011	0	5.75	2.68	13.62	18.82
05/31/2011 12:00 AM	2011	5	31	151	21.41	29.89	13.81	70.54	85.8	56.86	72.95	95.9	38.05	309.65	1043	0	44280	0.25	7.89	0	1017.75	1020	1016	0	5.98	2.85	13.86	18.7
06/01/2011 12:00 AM	2011	6	1	152	21.91	31.15	16.83	71.43	88.07	62.29	77.3	93.6	41.76	185.8	1032	0	26570	0.93	16.22	0	1010.36	1016	1004	0.31	6.17	2.91	14.13	18.89
06/02/2011 12:00 AM	2011	6	2	153	14.74	19.28	11.03	58.54	66.7	51.85	55.88	75.2	40.97	255.53	1313	0	36541	3.93	38.8	0	1007.42	1010	1005	0	6.33	2.85	14.37	18.3
06/03/2011 12:00 AM	2011	6	3	154	12.27	20.52	4.17	54.09	68.94	39.51	59.41	93.4	25.64	355.93	1080	0	50898	1.77	20.6	0	1011.72	1014	1010	0	6.5	3.07	14.53	16.76
06/04/2011 12:00 AM	2011	6	4	155	12.93	22.77	3.38	55.27	72.99	38.08	67.87	95.6	29.14	323.7	1155	0	46289	0.48	13.37	0	1013.39	1015	1011	0	6.7	3.24	14.46	15.91
06/05/2011 12:00 AM	2011	6	5	156	15.39	22.36	7.73	59.7	72.25	45.91	70.81	91.9	46.25	243.02	1218	0	34751	0.52	9.64	0	1012.78	1014	1012	0	6.91	3.4	14.31	15.95
06/06/2011 12:00 AM	2011	6	6	157	17.66	26.06	8.92	63.78	78.91	48.06	72.08	95.8	35.81	330.69	1033	0	47289	0.75	10.3	0	1012.1	1014	1011	0	7.14	3.58	14.23	16.44
06/07/2011 12:00 AM	2011	6	7	158	19.73	29.5	10.64	67.52	85.1	51.15	71.64	95.9	29.6	309.15	983	0	44209	0.46	10.96	0	1009.13	1011	1007	0	7.38	3.75	14.25	16.85
06/08/2011 12:00 AM	2011	6	8	159	21.79	31.81	13.88	71.22	89.26	56.98	76.87	95.5	43.01	256.94	922	0	36742	0.33	15.56	0	1008.06	1009	1006	0	7.63	3.94	14.35	17.5
06/09/2011 12:00 AM	2011	6	9	160	20.65	31.48	16.1	69.18	88.66	60.98	83.75	95.8	56.88	205.5	911	0	26510	0.45	26.3	0	1007.05	1009	1004	0.88	7.86	4.06	14.51	18.18
06/10/2011 12:00 AM	2011	6	10	161	18.73	23.96	14.47	65.71	75.13	58.05	80.12	96.2	46.84	253.24	1153	0	36213	0.57	13.81	0	1011.17	1013	1008	0.01	8.09	3.9	14.76	18.19
06/11/2011 12:00 AM	2011	6	11	162	13.88	17.29	11.83	56.98	63.12	53.29	89.8	94.7	78	53.07	941	0	7588	1.86	16.88	0	1012.73	1015	1011	0.91	8.25	3.67	14.96	17.63
06/12/2011 12:00 AM	2011	6	12	163	13.39	18.22	10.44	56.1	64.8	50.79	86.69	94.1	69.72	135.4	1031	0	19362	1.55	13.59	0	1008.24	1011	1006	0.05	8.3	3.14	15.07	16.79
06/13/2011 12:00 AM	2011	6	13	164	14.37	19.28	9.31	57.86	66.7	48.76	82.89	95.5	58.68	128.17	970	0	18328	0.21	9.86	0	1007.55	1008	1007	0	8.23	3.36	15.02	16.49
06/14/2011 12:00 AM	2011	6	14	165	12.69	15.97	8.65	54.84	60.75	47.57	90.56	96.2	76.1	109.22	845	0	15619	0.34	12.49	0	1008.15	1009	1007	0.15	8.2	3.65	14.95	16.14
06/15/2011 12:00 AM	2011	6	15	166	15.8	25.8	6.82	60.45	78.44	44.28	75.8	96.5	40.89	323.36	1053	0	45917	0.83	14.03	0	1007.33	1009	1006	0	8.29	3.96	14.86	15.85
06/16/2011 12:00 AM	2011	6	16	167	18.37	28.44	8.92	65.07	83.19	48.06	72.61	96.4	31.97	307.38	1042	0	43956	0.36	9.43	0	1008.4	1010	1008	0	8.46	4.31	14.78	16.35
06/17/2011 12:00 AM	2011	6	17	168	16.49	23.03	13.08	61.69	73.45	55.54	90.41	96.2	69.84	104.39	1168	0	14928	0.19	16.66	0	1007.78	1009	1006	1.11	8.66	4.4	14.8	16.73
06/18/2011 12:00 AM	2011	6	18	169	19.04	26.72	13.74	66.27	80.1	56.73	81.97	96.6	48.09	257.23	1173	0	36784	0.52	12.49	0	1006.14	1008	1004	0	8.79	3.29	14.92	17.02
06/19/2011 12:00 AM	2011	6	19	170	15.67	22.9	9.12	60.21	73.22	48.42	71.25	96.2	33.83	353.2	1088	0	50508	0.94	14.47	0	1007.04	1008	1006	0.01	8.61	3.41	15	17.15
06/20/2011 12:00 AM	2011	6	20	171	15.6	25.07	6.75	60.07	77.13	44.15	73.16	96.3	37.99	333.78	1063	0	47731	0.57	10.74	0	1008.34	1010	1007	0	8.45	3.67	15.05	16.56
06/21/2011 12:00 AM	2011	6	21	172	18.18	27.71	8.65	64.73	81.88	47.57	72.42	96.2	33.29	327.67	991	0	46857	0.39	10.08	0	1008.91	1010	1008	0	8.41	3.94	15.04	16.63
06/22/2011 12:00 AM	2011	6	22	173	16.55	17.56	15.19	61.8	63.61	59.34	91.67	95.7	83.3	44.23	241	0	6325	0.32	10.52	0	1008.93	1011	1006	1.79	8.46	3.92	15.04	17.04
06/23/2011 12:00 AM	2011	6	23	174	17.01	18.55	15.71	62.63	65.39	60.28	92.96	95.7	87.4	47.98	247	0	6861	0.91	13.15	0	1005.34	1006	1004	0.28	8.39	1.61	15.23	17.13
06/24/2011 12:00 AM	2011	6	24	175	15.15	18.68	12.55	59.27	65.62	54.59	88.67	94.6	75.3	104.97	551	0	15010	1.96	16.22	0	1003.88	1005	1003	0.34	7.41	1.42	15.28	17.04
06/25/2011 12:00 AM	2011	6	25	176	16.14	23.5	12.29	61.05	74.3	54.12	88.73	95.8	65.28	144.63	1290	0	20682	0.78	11.18	0	1005.35	1008	1004	0.5	6.53	1.31	15.26	16.88
06/26/2011 12:00 AM	2011	6	26	177	17.42	22.44	13.61	63.36	72.39	56.5	87.98	96.3	67.13	139.41	712	0	19935	0.22	7.01	0	1009.41	1012	1007	0.01	5.95	1.31	15.19	17.1
06/27/2011 12:00 AM	2011	6	27	178	18.96	27.25	11.5	66.13	81.05	52.7	79.95	96.5	46.24	325.55	1097	0	46553	0.23	7.67	0	1012.01	1014	1010	0	5.53	1.63	15.21	17.28
06/28/2011 12:00 AM	2011	6	28	179	20.03	26.47	13.81	68.05	79.65	56.86	82.68	96.3	57.87	163.05	801	0	23316	0.28	26.08	0	1008.34	1011	1005	0.57	5.43	1.81	15.25	17.95
06/29/2011 12:00 AM	2011	6	29	180	17.8	23.56	14.86	64.05	74.41	58.75	81.76	96.2	54.18	199.99	1390	0	28599	1.16	16.22	0	1006.74	1009	1005	0.14	5.43	1.24	15.38	18.51
06/30/2011 12:00 AM	2011	6	30	181	18.34	23.89	12.95	65.01	75	55.31	66	86.3	45.33	323.72	1175	0	46292	1.89	17.32	0	1008.85	1010	1008	0	5.2	1.63	15.51	18.54
07/01/2011 12:00 AM	2011	7	1	182	16.25	23.3	9.12	61.25	73.94	48.42	76.94	94.7	52.99	224.75	1207	0	32139	0.51	12.06	0	1011.64	1014	1009	0	5.17	1.86	15.63	18.18
07/02/2011 12:00 AM	2011	7	2	183	19.07	27.78	10.97	66.33	82	51.75	75.71	96.3	35.41	309.35	1091	0	44237	0.23	8.11	0	1012.73	1015	1010	0	5.32	2.03	15.72	18.38
07/03/2011 12:00 AM	2011	7	3	184	18.66	23.63	14.87	65.58	74.53	58.77	90.18	95.2	74.5	91.91	972	0	13144	0.12	8.11	0	1007.61	1010	1006	0.1	5.48	2.08	15.81	18.76
07/04/2011 12:00 AM	2011	7	4	185	21.32	28.57	14.47	70.38	83.43	58.05	75.88	96.2	45.52	312.19	1022	0	44643	0.55	10.74	0	1006.43	1008	1005	0	5.65	2.25	15.92	19.24
07/05/2011 12:00 AM	2011	7	5	186	20.45	28.97	12.95	68.82	84.15	55.31	72.27	95.1	33.1	302.7	952	0	43286	0.13	9.64	0	1008.94	1010	1007	0	5.84	2.66	16.1	19.85
07/06/2011 12:00 AM	2011	7	6	187	20.23	30.36	13.08	68.42	86.65	55.54	78.76	96.1	41.29	301.51	1015	0	43117	0.53	24.77	0	1009.01	1010	1006	0.68	6.07	2.77	16.32	20.03
07/07/2011 12:00 AM	2011	7	7	188	19.7	25.94	14.73	67.45	78.69	58.51	79.07	96.4	45.06	307.66	1161	0	43995	0.52	14.69	0	1009.87	1011	1008	0.01	6.25	2.24	16.5	20.54
07/08/2011 12:00 AM	2011	7	8	189	19.25	25.94	13.74	66.65	78.69	56.73	84.82	96.1	58.47	147.39	887	0	21076	0.28	9.21	0	1008.06	1010	1005	0.03	6.24	2.62	16.77	20.23
07/09/2011 12:00 AM	2011	7	9	190	20.13	25.87	13.68	68.24	78.57	56.62	77.85	95.7	47.5	298.35	1194	0	42663	0.97	16	0	1007.18	1012	1004	0.02	6.33	2.84	16.92	20.51
07/10/2011 12:00 AM	2011	7	10	191	19.17	27.58	11.83	66.51	81.64	53.29	73.83	96.1	32.77	327.9	1068	0	46890	0.4	9.64	0	1013.16	1015	1012	0	6.54	3.09	17.05	20.16
07/11/2011 12:00 AM	2011	7	11	192	22.86	31.74	14.01	73.14	89.13	57.22	73.51	95.8	43.47	295.05	1080	0	41897	0.39	10.74	0	1008.7	1012	1003	0	6.77	3.27	17.11	20.59
07/12/2011 12:00 AM	2011	7	12	193	24.65	28.9	19.61	76.37	84.02	67.3	71.2	92.1	55.29	243.51	1165	0	34822	1.76	16.44	0	1001.92	1003	1001	0	6.98	3.42	17.22	21.48
07/13/2011 12:00 AM	2011	7	13	194	19.63	26.85	15.2	67.33	80.33	59.36	79.65	94.1	48.04	216.32	1177	0	30933	0.92	24.11	0	1004.27	1008	1002	0.06	7.21	3.59	17.43	21.16
07/14/2011 12:00 AM	2011	7	14	195	17.93	25.47	12.42	64.27	77.85	54.36	73.6	95.9	35.02	334.06	1181	0	47771	0.83	14.25	0	1011.62	1013	1008	0	7.48	3.77	17.57	20.52
07/15/2011 12:00 AM	2011	7	15	196	17.82	26.59	9.71	64.08	79.86	49.48	70.97	95.9	32.64	331.5	1071	0	47405	0.52	10.52	0	1014.24	1015	1013	0	7.74	3.95	17.62	20.02
07/16/2011 12:00 AM	2011	7	16	197	19.41	29.3	10.7	66.94	84.74	51.26	72.03	95.9	30.19	295.07	1026	0	42195	0.14	7.67	0	1016.11	1018	1015	0	8	4.14	17.62	19.87
07/17/2011 12:00 AM	2011	7	17	198	21.77	30.42	13.28	71.19	86.76	55.9	72.87	95.9	36.53	306.22	1062	0	43789	0.48	10.96	0	1014.87	1017	1012	0	8.24	4.31	17.62	20.14
07/18/2011 12:00 AM	2011	7	18	199	21.91	26.79	18.81	71.43	80.22	65.86	82.26	94.8	64.41	177.59	1221	0	25040	0.63	21.26	0	1009.05	1012	1007	0.06	8.44	4.44	17.66	20.74
07/19/2011 12:00 AM	2011	7	19	200	21.08	27.51	15.4	69.94	81.52	59.72	80.23	96	48.22	286.82	900	0	41016	0.56	10.52	0	1007.44	1009	1006	0.01	8.65	4.61	17.77	21.01
07/20/2011 12:00 AM	2011	7	20	201	21.32	30.55	13.28	70.38	86.99	55.9	80.19	96.2	51.59	234.47	1010	0	31420	0.32	11.18	0	1007.92	1009	1006	0	8.87	4.79	17.89	20.91
07/21/2011 12:00 AM	2011	7	21	202	26.55	34.12	19.28	79.78	93.42	66.7	72.21	94	47.1	251.83	1022	0	36012	0.71	16.88	0	1003.79	1007	1002	0	9.07	4.92	17.99	21.78
07/22/2011 12:00 AM	2011	7	22	203	27.57	33.2	19.28	81.62	91.76	66.7	61.75	84.5	26.56	316.31	994	0	45232	0.87	13.81	0	1006.94	1009	1004	0	9.28	5.06	18.17	22.85
07/23/2011 12:00 AM	2011	7	23	204	24	31.87	17.7	75.2	89.37	63.86	73.05	94.4	40.69	256.35	1097	0	36658	0.7	16	0	1009.03	1011	1008	0.01	9.46	5.18	18.42	22.48
07/24/2011 12:00 AM	2011	7	24	205	22.74	28.57	16.18	72.94	83.43	61.12	74.09	89.9	44.39	245.78	1030	0	35146	0.56	12.71	0	1009.8	1011	1008	0	9.63	5.3	18.61	22.41
07/25/2011 12:00 AM	2011	7	25	206	17.51	22.77	14.6	63.52	72.99	58.28	85.72	94.7	64.09	71.69	435	0	10252	0.7	12.06	0	1008.63	1011	1005	0.38	9.75	5.4	18.73	21.12
07/26/2011 12:00 AM	2011	7	26	207	19.17	27	15.19	66.5	80.6	59.34	83.71	93.9	53.91	206.9	1134	0	29587	0.68	15.34	0	1002.99	1005	1001	0.19	9.86	5.49	18.69	20.73
07/27/2011 12:00 AM	2011	7	27	208	18.74	26.13	12.35	65.74	79.03	54.23	78.03	95.9	48.17	258.46	1154	0	36960	0.73	14.47	0	1008	1012	1004	0	9.99	5.62	18.6	20.49
07/28/2011 12:00 AM	2011	7	28	209	19.92	27.58	12.35	67.86	81.64	54.23	76.27	96.2	35.01	271.61	1043	0	38840	0.24	7.67	0	1013.41	1015	1012	0	10.16	5.75	18.52	20.42
07/29/2011 12:00 AM	2011	7	29	210	22.18	26.53	19.14	71.93	79.75	66.45	84.78	92.6	66.47	115.03	910	0	16449	0.92	18.19	0	1008.29	1012	1004	0.18	10.28	5.83	18.48	21.04
07/30/2011 12:00 AM	2011	7	30	211	21.33	27.91	15.07	70.4	82.24	59.13	77.13	95.4	43.8	253.97	1049	0	28445	0.78	14.91	0	1009.55	1013	1006	0	10.4	5.94	18.52	21.77
07/31/2011 12:00 AM	2011	7	31	212	20.31	29.17	12.55	68.56	84.51	54.59	76.82	96.2	34.15	296.16	1085	0	42350	0.31	9.86	0	1012.87	1015	1011	0.01	10.54	6.06	18.6	21.04
08/01/2011 12:00 AM	2011	8	1	213	22.15	30.02	14.6	71.88	86.04	58.28	75.05	96.1	45.32	250.55	1103	0	35828	0.67	12.49	0	1007.75	1011	1004	0	10.66	6.14	18.63	21.09
08/02/2011 12:00 AM	2011	8	2	214	20.75	27.71	14.07	69.34	81.88	57.33	70.14	94.9	42.68	280.49	1135	0	40110	1.12	21.92	0	1003.43	1005	1001	0	10.74	6.22	18.64	21.03
08/03/2011 12:00 AM	2011	8	3	215	18	26.26	10.44	64.4	79.27	50.79	78.97	96.1	44	222.25	1063	0	31338	0.13	8.77	0	1003.93	1005	1003	0	10.84	6.31	18.63	20.31
08/04/2011 12:00 AM	2011	8	4	216	20.67	27.58	15.78	69.2	81.64	60.4	79.5	95.2	50.14	245.6	1153	0	34138	0.25	10.96	0	1009.29	1012	1005	0	10.97	6.42	18.57	20.74
08/05/2011 12:00 AM	2011	8	5	217	20.93	28.71	16.18	69.67	83.68	61.12	82.63	95.4	51	161.78	1108	0	23135	0.08	8.11	0	1013.88	1015	1012	0.01	11.11	6.52	18.56	21
08/06/2011 12:00 AM	2011	8	6	218	20.85	26.53	17.95	69.53	79.75	64.31	86.48	95	61.9	101.48	837	0	14512	0.34	14.91	0	1011.71	1014	1007	0.69	11.2	6.6	18.6	20.94
08/07/2011 12:00 AM	2011	8	7	219	22.5	29.03	18.62	72.5	84.25	65.52	84.89	95.4	58.79	171.63	1055	0	24543	0.19	13.37	0	1001.73	1007	998	0.36	11.22	6.66	18.63	21.31
08/08/2011 12:00 AM	2011	8	8	220	21.9	27.32	15.72	71.41	81.18	60.3	82.43	95.6	56.02	268.86	1018	0	38447	0.92	13.59	0	998.87	1002	997	0	11.26	6.73	18.7	22.26
08/09/2011 12:00 AM	2011	8	9	221	19	24.81	13.48	66.2	76.66	56.26	87.44	96.2	62.5	123.3	845	0	17631	0.39	10.96	0	999.72	1002	996	0.27	11.35	6.81	18.86	21.53
08/10/2011 12:00 AM	2011	8	10	222	20.52	26.2	16.9	68.94	79.16	62.42	82.18	95.4	51.86	244.79	1115	0	35005	0.63	10.74	0	998.12	1002	996	0.23	11.43	6.89	18.93	21.63
08/11/2011 12:00 AM	2011	8	11	223	18.46	23.69	14.47	65.22	74.64	58.05	66.56	92.5	37.93	260.81	1135	0	37296	1.25	16.88	0	1005.39	1009	1002	0	11.53	6.98	18.96	21.3
08/12/2011 12:00 AM	2011	8	12	224	17.86	25.93	10.7	64.15	78.67	51.26	73.12	95.3	42.08	278.47	1100	0	39821	0.74	11.4	0	1011.07	1013	1009	0	11.66	7.07	18.96	20.64
08/13/2011 12:00 AM	2011	8	13	225	18.49	27.25	10.7	65.28	81.05	51.26	78.07	96.1	48.49	217.66	809	0	31126	0.13	7.45	0	1013.23	1015	1011	0	11.77	7.15	18.88	20.28
08/14/2011 12:00 AM	2011	8	14	226	18.85	21.99	16.7	65.92	71.58	62.06	87.66	95	76.8	54.82	279	0	7839	0.12	10.74	0	1009	1011	1007	0.6	11.83	7.2	18.79	20.42
08/15/2011 12:00 AM	2011	8	15	227	16.96	19.34	15.12	62.52	66.81	59.22	93.65	95.4	89.8	35.75	309	0	5112	0.23	10.52	0	1004.08	1007	1002	1.9	11.82	7.04	18.73	19.83
08/16/2011 12:00 AM	2011	8	16	228	16.64	22.44	13.74	61.96	72.39	56.73	88.44	95.6	64.49	154.19	842	0	22050	0.32	10.74	0	1006.82	1012	1003	0.09	11.71	4.05	18.68	19.59
08/17/2011 12:00 AM	2011	8	17	229	18.49	26.59	14.01	65.29	79.86	57.22	81.17	96.2	41.95	264.07	1100	0	37762	0.24	9.43	0	1014.72	1017	1012	0.01	11.13	4.15	18.59	20.05
08/18/2011 12:00 AM	2011	8	18	230	19.53	27.25	13.21	67.16	81.05	55.78	82.74	96.2	51.59	212.47	900	0	30383	0.22	12.06	0	1011.39	1014	1009	0	10.49	4.6	18.55	20.28
08/19/2011 12:00 AM	2011	8	19	231	20.56	29.1	16.25	69	84.38	61.25	83.39	96	41.68	185.67	905	0	26550	0.37	11.4	0	1008.94	1010	1008	0.02	10.14	5.07	18.57	20.68
08/20/2011 12:00 AM	2011	8	20	232	19.13	28.04	14.07	66.43	82.47	57.33	79.49	96.1	43.07	265.71	925	0	37996	0.39	8.77	0	1010.73	1012	1009	0	10.08	5.43	18.63	20.91
08/21/2011 12:00 AM	2011	8	21	233	19.38	27.91	13.15	66.88	82.24	55.67	83.92	95.9	58.46	194.31	1104	0	27787	1.02	17.1	0	1007.6	1011	1003	0.44	10.16	5.66	18.69	20.71
08/22/2011 12:00 AM	2011	8	22	234	17.25	22.37	11.63	63.06	72.27	52.93	73.26	94.8	47.51	194.08	984	0	27754	1.85	23.67	0	1005.33	1009	1003	0.13	10.25	5.83	18.74	20.48
08/23/2011 12:00 AM	2011	8	23	235	15.04	22.97	7.94	59.08	73.35	46.29	77.08	96.3	40.77	257.53	1093	0	36827	0.53	12.71	0	1011.15	1013	1009	0	10.41	6.04	18.73	19.61
08/24/2011 12:00 AM	2011	8	24	236	17.52	24.35	10.11	63.53	75.83	50.2	75.56	96.3	47.51	227.24	1048	0	32496	1.35	17.54	0	1011.73	1014	1008	0	10.6	6.17	18.63	19.27
08/25/2011 12:00 AM	2011	8	25	237	19.98	23.04	17.23	67.96	73.47	63.01	85.45	95.5	75.5	69.48	486	0	9936	1.75	18.85	0	1006.96	1009	1006	0.27	10.72	6.25	18.51	19.61
08/26/2011 12:00 AM	2011	8	26	238	19.42	26.46	14.27	66.96	79.63	57.69	83.8	96.2	51.73	228.03	946	0	32609	0.42	10.3	0	1011.27	1013	1009	0	10.85	6.39	18.46	20.01
08/27/2011 12:00 AM	2011	8	27	239	19.73	27.38	14.14	67.52	81.28	57.45	87.42	96.2	58.6	140.4	662	0	20078	0.1	5.26	0	1008.19	1011	1004	0.18	10.96	6.47	18.48	20.22
08/28/2011 12:00 AM	2011	8	28	240	18.33	20.53	13.48	65	68.95	56.26	91.41	95.3	81.8	27.15	212	0	3693	2.53	31.78	0	988.26	1004	974	4.98	10.89	3.21	18.89	20.19
08/29/2011 12:00 AM	2011	8	29	241	13.92	21.18	9.91	57.06	70.12	49.84	82.59	95.6	55.5	107.5	690	0	11825	0.81	22.14	0	1007.39	1013	998	0	9.26	1.21	18.95	18.78
08/30/2011 12:00 AM	2011	8	30	242	15.71	24.88	8.92	60.27	76.78	48.06	79.22	96.4	39.9	260.64	859	0	37271	0.32	11.84	0	1014.97	1017	1013	0	7.41	1.36	18.59	19.01
08/31/2011 12:00 AM	2011	8	31	243	16.8	26	9.98	62.23	78.8	49.96	84.14	96.4	48.62	178.25	975	0	22816	0.13	7.23	0	1017.63	1019	1017	0	6.4	1.49	18.4	19.16
09/01/2011 12:00 AM	2011	9	1	244	19.55	26.39	13.41	67.2	79.5	56.14	80.76	96.1	49.28	211.92	869	0	30305	0.23	9.21	0	1016.88	1019	1015	0	5.89	1.63	18.26	19.59
09/02/2011 12:00 AM	2011	9	2	245	19.31	26	13.41	66.75	78.8	56.14	75.74	93.5	45.98	249.06	847	0	35615	0.4	12.71	0	1014.29	1016	1012	0	5.65	1.77	18.22	19.99
09/03/2011 12:00 AM	2011	9	3	246	19.84	25.87	15.06	67.72	78.57	59.11	86.58	95.3	67.66	107	472	0	15300	0	4.6	0	1009.51	1012	1008	0	5.58	1.92	18.26	19.97
09/04/2011 12:00 AM	2011	9	4	247	22.36	28.31	18.48	72.25	82.96	65.26	87.13	95.7	68.05	169.93	866	0	24300	0.73	18.63	0	1007.14	1009	1005	0.23	5.65	2.09	18.28	20.5
09/05/2011 12:00 AM	2011	9	5	248	19.27	22.77	16.38	66.69	72.99	61.48	93.33	95.6	83.1	53.78	440	0	7690	0.2	11.62	0	1005.47	1008	1004	2.15	5.66	1.04	18.45	20.77
09/06/2011 12:00 AM	2011	9	6	249	15.45	17.76	13.28	59.8	63.97	55.9	91.97	95.7	81.1	81.66	472	0	11678	0.08	6.79	0	1012.73	1018	1008	1.06	5.03	0.82	18.66	19.74
09/07/2011 12:00 AM	2011	9	7	250	14.39	16.58	13.08	57.9	61.84	55.54	91.61	94.7	85.7	33.55	273	0	4663	0.98	12.28	0	1016.96	1019	1015	1.87	4.5	0.77	18.59	18.42
09/08/2011 12:00 AM	2011	9	8	251	17.32	24.09	13.81	63.18	75.36	56.86	90.45	95.8	67.79	110.67	612	0	15826	0.15	9.64	0	1013.17	1015	1010	0.47	4.12	0.78	18.4	18.47
09/09/2011 12:00 AM	2011	9	9	252	18.43	24.09	14.01	65.18	75.36	57.22	83.22	96	41.76	220.82	856	0	31135	0.74	16	0	1007.37	1010	1005	0	3.9	1.05	18.21	19.53
09/10/2011 12:00 AM	2011	9	10	253	15.64	22.7	9.84	60.15	72.86	49.71	82.68	96.4	36.8	218.37	858	0	31227	0.36	10.52	0	1010.04	1013	1008	0.01	3.84	1.21	18.1	19.27
09/11/2011 12:00 AM	2011	9	11	254	15.43	22.37	9.51	59.78	72.27	49.12	83.04	95.9	54.05	156.93	1041	0	21500	0.46	14.91	0	1013.58	1016	1011	0.01	3.87	1.3	18.05	18.69
09/12/2011 12:00 AM	2011	9	12	255	17.69	25.27	13.15	63.84	77.49	55.67	84.36	96.1	48.95	160.16	915	0	22743	0.09	9.21	0	1010.7	1012	1009	0	3.93	1.41	17.96	18.69
09/13/2011 12:00 AM	2011	9	13	256	18.96	26.72	13.02	66.13	80.1	55.44	81.24	96.3	48.29	207.16	791	0	29416	0.69	13.15	0	1007.75	1010	1006	0	3.99	1.54	17.87	18.9
09/14/2011 12:00 AM	2011	9	14	257	18.18	22.5	14.73	64.73	72.5	58.51	81.51	94.8	55.77	115.47	797	0	15934	0.22	17.54	0	1008.63	1011	1006	0	4.09	1.63	17.82	19.26
09/15/2011 12:00 AM	2011	9	15	258	12.29	15.53	4.5	54.12	59.95	40.1	91.66	95.9	70.9	32.16	245	0	4534	0.39	18.19	0	1009.16	1013	1007	0.24	4.25	1.56	17.8	18.61
09/16/2011 12:00 AM	2011	9	16	259	8.13	14.78	2.33	46.64	58.6	36.19	74.65	96.6	40.31	236.71	962	0	33613	1.38	17.97	0	1018.13	1022	1012	0	4.35	1.62	17.72	16.67
09/17/2011 12:00 AM	2011	9	17	260	8.39	16.77	2.13	47.11	62.19	35.83	80.38	96.2	39.98	168.06	792	0	24032	0.06	9.21	0	1024.87	1027	1022	0	4.47	1.83	17.46	15.84
09/18/2011 12:00 AM	2011	9	18	261	10.26	19	4.17	50.47	66.2	39.51	77.76	96.4	36.41	215.32	831	0	29498	0.45	12.06	0	1025.16	1027	1023	0.01	4.7	2.05	17.13	15.63
09/19/2011 12:00 AM	2011	9	19	262	9.95	19.66	1.74	49.91	67.39	35.13	76.23	96.6	37.4	231.14	775	0	32128	0.44	10.52	0	1019.24	1023	1014	0	4.92	2.34	16.83	15.3
09/20/2011 12:00 AM	2011	9	20	263	13.04	16.7	8.73	55.48	62.06	47.71	92.38	96.1	82.7	40.42	205	0	5699	0.29	10.08	0	1013.97	1017	1012	0.19	5.14	2.3	16.59	15.43
09/21/2011 12:00 AM	2011	9	21	264	16.09	24.02	10.64	60.97	75.24	51.15	87.02	96.4	53.58	151.08	887	0	21453	0.38	11.62	0	1017.73	1019	1017	0.01	5.34	2.36	16.4	16.04
09/22/2011 12:00 AM	2011	9	22	265	18.43	22.85	16.44	65.17	73.13	61.59	94.24	99.6	76.9	51.59	363	0	6810	0.06	11.62	0	1014.78	1017	1013	0.73	5.51	2.02	16.17	17.21
09/23/2011 12:00 AM	2011	9	23	266	18.28	21.56	15.24	64.9	70.81	59.43	95.78	99.9	79.75	67.72	320	0	9820	0.16	9.86	0	1014.01	1016	1010	0.65	5.54	1.28	16.1	17.71
09/24/2011 12:00 AM	2011	9	24	267	19.35	22.66	14.51	66.82	72.79	58.12	94.37	99.6	76.23	76.02	430	0	10871	0.09	7.01	0	1012.28	1015	1009	0.02	5.15	1.16	16.25	18.26
09/25/2011 12:00 AM	2011	9	25	268	17.66	23.38	13.76	63.79	74.08	56.77	92.32	100	69.53	159.84	879	0	23017	0.41	14.69	0	1014.35	1016	1012	0	4.7	1.38	16.42	18.33
09/26/2011 12:00 AM	2011	9	26	269	18.43	26.7	13.76	65.18	80.06	56.77	88.3	99.9	55.34	185.05	703	0	26648	0.15	10.08	0	1011.43	1013	1009	0.01	4.55	1.53	16.51	18.51
09/27/2011 12:00 AM	2011	9	27	270	19.33	26.36	13.95	66.8	79.45	57.11	86.98	99.9	59.34	136.5	871	0	19656	0.12	11.18	0	1010.88	1012	1009	0	4.6	1.71	16.59	18.56
09/28/2011 12:00 AM	2011	9	28	271	18.78	23.38	15.81	65.81	74.08	60.46	78.55	97.7	59.16	116.9	937	0	16833	1.79	18.41	0	1011.19	1013	1008	0.3	4.74	1.84	16.66	18.85
09/29/2011 12:00 AM	2011	9	29	272	15.74	19.14	11.9	60.32	66.45	53.42	94.88	99.3	85.4	33.95	395	0	4889	0.8	13.15	0	1001.49	1008	996	1.55	4.84	1.07	16.72	18.37
09/30/2011 12:00 AM	2011	9	30	273	15.03	21.72	9.47	59.05	71.1	49.05	84.78	99.4	55.81	151.37	870	0	21797	0.62	18.85	0	1000.17	1001	999	0.01	4.44	1.18	16.82	17.4
10/01/2011 12:00 AM	2011	10	1	274	9.01	13.57	5.65	48.22	56.43	42.17	94.96	98.9	90.4	33.25	173	0	4788	1.04	14.25	0	1001.95	1005	999	0.36	4.13	1.11	16.68	16.88
10/02/2011 12:00 AM	2011	10	2	275	11.42	17.06	5.84	52.55	62.71	42.51	92.44	99.1	73.36	78.43	892	0	11294	0.3	11.84	0	1005.44	1008	1004	0.19	3.96	1.17	16.57	15.85
10/03/2011 12:00 AM	2011	10	3	276	10.9	16.06	8.34	51.61	60.91	47.01	88.47	99.8	53.3	106.37	809	0	15317	0.16	12.49	0	1011.06	1013	1008	0.09	3.85	1.2	16.3	15.89
10/04/2011 12:00 AM	2011	10	4	277	11.04	14.39	8.26	51.88	57.9	46.87	91.06	99.5	77.41	57.13	482	0	8227	0.9	15.34	0	1010.92	1012	1010	0.21	3.78	1.18	16.1	15.41
10/05/2011 12:00 AM	2011	10	5	278	10.48	17.64	1.35	50.86	63.75	34.43	73.43	95	38.61	122.7	833	0	17669	1.43	19.73	0	1013.71	1019	1010	0	3.73	1.4	15.88	15.27
10/06/2011 12:00 AM	2011	10	6	279	5.83	14.42	-0.14	42.49	57.96	31.75	76.18	98.3	31.98	189.27	711	0	27255	0.84	16.88	0	1020.5	1022	1019	0	3.78	1.53	15.66	13.93
10/07/2011 12:00 AM	2011	10	7	280	8.09	17.22	1.07	46.56	63	33.93	77.96	98.9	32.85	178.91	674	0	25764	0.3	8.33	0	1024.31	1026	1022	0	3.9	1.62	15.38	13.32
10/08/2011 12:00 AM	2011	10	8	281	12.06	22.91	3.88	53.71	73.24	38.98	80.46	98.9	42.24	174.98	665	0	25198	0.21	8.99	0	1025.08	1027	1024	0	4.03	1.69	15.07	13.44
10/09/2011 12:00 AM	2011	10	9	282	14.8	25.14	6.59	58.64	77.25	43.86	80.32	99.4	42.57	174.38	661	0	25110	0.3	10.08	0	1022.72	1025	1020	0	4.21	1.76	14.82	13.94
10/10/2011 12:00 AM	2011	10	10	283	15.65	24.2	8.71	60.17	75.56	47.68	82.8	99.4	48.44	171.8	643	0	24739	0.41	12.71	0	1018.28	1020	1016	0.01	4.37	1.83	14.7	14.46
10/11/2011 12:00 AM	2011	10	11	284	14.27	22.35	10.04	57.68	72.23	50.07	77.56	99.9	26.02	156.93	696	0	22599	0.31	9.43	0	1017.26	1019	1016	0	4.56	1.93	14.65	14.94
10/12/2011 12:00 AM	2011	10	12	285	12.33	16.15	10.61	54.19	61.07	51.1	72.89	88.8	51.54	118.1	545	0	17006	1.51	14.03	0	1015.35	1018	1011	0	4.76	2.01	14.67	14.81
10/13/2011 12:00 AM	2011	10	13	286	14.01	18.19	11.05	57.22	64.74	51.89	86.65	95.7	70.34	83.96	419	0	12091	2.07	15.34	0	1005.84	1011	1002	0.17	4.92	1.9	14.66	14.87
10/14/2011 12:00 AM	2011	10	14	287	14.94	17.66	10.58	58.89	63.79	51.04	91.81	98.6	77.68	21.14	114	0	3044	2	21.92	0	994.39	1002	988	1.06	5	1.35	14.64	15.21
10/15/2011 12:00 AM	2011	10	15	288	11.17	15.22	8.18	52.11	59.4	46.72	68.3	89.4	50.08	113.25	776	0	16309	2.7	24.55	0	994.96	1000	991	0.11	4.72	1.17	14.68	14.71
10/16/2011 12:00 AM	2011	10	16	289	10.8	15.4	8.53	51.45	59.72	47.35	65.9	98	40.55	114.47	758	0	16484	1.99	23.67	0	1000.9	1004	997	0.14	4.38	1.46	14.62	13.92
10/17/2011 12:00 AM	2011	10	17	290	9.76	15.3	3.79	49.56	59.54	38.82	69	95	34.95	132.26	718	0	19045	1.55	22.58	0	999.39	1001	997	0.04	4.3	1.42	14.48	13.65
10/18/2011 12:00 AM	2011	10	18	291	9.81	15.96	3.79	49.66	60.73	38.82	64.55	96.5	35.49	100.62	640	0	14489	0.84	16.44	0	1005	1008	1001	0	4.29	1.66	14.31	12.83
10/19/2011 12:00 AM	2011	10	19	292	10.91	14.51	5.75	51.63	58.12	42.35	79.88	96.3	51.79	25.15	226	0	3622	2.36	21.48	0	1003.69	1008	995	0.14	4.46	1.64	14.1	12.61
10/20/2011 12:00 AM	2011	10	20	293	13.22	21.09	6.59	55.79	69.96	43.86	78	95.5	43.15	82.48	699	0	11878	3.4	27.18	0	993.22	998	989	0.16	4.53	1.54	13.91	13.18
10/21/2011 12:00 AM	2011	10	21	294	9.78	12.53	6.6	49.6	54.55	43.88	67.72	86	55.76	71.61	540	0	10312	1.13	17.97	0	1004.31	1009	998	0	4.58	1.66	13.81	12.98
10/22/2011 12:00 AM	2011	10	22	295	8.25	10.01	6.95	46.85	50.02	44.51	73.31	90.2	62	43.15	313	0	6214	1.32	12.28	0	1011.12	1013	1009	0	4.74	1.83	13.71	12.62
10/23/2011 12:00 AM	2011	10	23	296	6.06	12.6	1.07	42.91	54.68	33.93	78.11	96.8	43.93	81.2	527	0	11692	0.37	9.64	0	1013.44	1015	1012	0	4.91	1.94	13.58	12.09
10/24/2011 12:00 AM	2011	10	24	297	7.65	14.97	0.43	45.78	58.95	32.77	83.07	98.9	55.94	91.58	548	0	13188	1.27	17.54	0	1010.88	1014	1008	0.24	5.09	1.98	13.4	11.21
10/25/2011 12:00 AM	2011	10	25	298	7.63	11.49	2.58	45.74	52.68	36.64	69.03	91.5	47.12	103.17	728	0	14856	3.21	25.21	0	1009.24	1011	1008	0.01	5.18	1.84	13.17	11.41
10/26/2011 12:00 AM	2011	10	26	299	5.38	6.85	2.68	41.69	44.33	36.82	95.95	99.1	83.1	13.41	78	0	1931	0.11	5.48	0	1005.59	1011	1001	0.16	5.25	1.92	12.97	10.77
10/27/2011 12:00 AM	2011	10	27	300	2.38	6.02	-2.02	36.29	42.84	28.36	96.84	98.7	89	17.56	102	0	2528	0.74	9.21	0	1002.36	1009	1000	0.97	5.3	1.16	12.78	10.5
10/28/2011 12:00 AM	2011	10	28	301	-0.48	4.49	-5.01	31.14	40.08	22.98	87.99	98.5	60.01	111.47	639	0	16051	0.52	12.06	0	1014.89	1018	1009	0.06	5.03	1.09	12.56	9.54
10/29/2011 12:00 AM	2011	10	29	302	-0.81	2.58	-2.38	30.53	36.64	27.72	91.41	98.6	53.71	21.29	152	0	3066	0.89	17.97	0	1013.25	1018	1007	0.44	4.7	1.29	12.27	8.52
10/30/2011 12:00 AM	2011	10	30	303	0.25	6.14	-2.95	32.45	43.05	26.69	84.75	98.1	53.18	97.2	692	0	13997	2.16	23.45	0	1013.01	1020	1006	0.4	4.46	1.25	11.93	8.18
10/31/2011 12:00 AM	2011	10	31	304	1.06	8.87	-5.37	33.9	47.97	22.33	75.64	98	40.11	114.99	600	0	16559	0.35	13.15	0	1021.18	1022	1020	0	4.41	1.28	11.6	7.92
11/01/2011 12:00 AM	2011	11	1	305	2.66	11.45	-2.1	36.78	52.61	28.22	79.98	98.2	38.46	135.29	564	0	19482	0.2	7.23	0	1020.92	1022	1020	0	4.37	1.14	11.32	7.71
11/02/2011 12:00 AM	2011	11	2	306	3.89	13.89	-3.04	39.01	57	26.53	76	98	40.01	131.11	540	0	18880	0.32	9.21	0	1020.26	1023	1017	0	4.23	1.05	11.01	7.34
11/03/2011 12:00 AM	2011	11	3	307	5.25	14.29	-0.99	41.45	57.72	30.22	82.76	97.9	49.26	86.77	453	0	12495	0.34	8.11	0	1010.73	1016	1007	0	4.03	1	10.72	7.49
11/04/2011 12:00 AM	2011	11	4	308	4.06	7.74	-1.81	39.31	45.93	28.74	63.82	89.9	39.38	106.89	611	0	15392	2.58	21.26	0	1013.13	1019	1007	0	3.9	1.11	10.53	8.06
11/05/2011 12:00 AM	2011	11	5	309	0.05	7.9	-5.01	32.09	46.22	22.98	75.62	94.9	40.39	138.66	551	0	19967	0.68	12.06	0	1023.35	1025	1019	0	3.97	1.43	10.39	7.1
11/06/2011 12:00 AM	2011	11	6	310	2.46	13.81	-5.46	36.43	56.86	22.17	65.14	95.8	22.2	137.86	543	0	19852	0.33	10.08	0	1023.28	1026	1021	0	4.11	1.57	10.2	6.29
11/07/2011 12:00 AM	2011	11	7	311	6.08	15.4	-2.57	42.95	59.72	27.37	72.94	97.1	37.85	110.23	511	0	15872	0.31	9.64	0	1018.8	1021	1017	0	4.27	1.66	9.93	6.32
11/08/2011 12:00 AM	2011	11	8	312	11.67	17.82	7.23	53	64.08	45.01	78.35	98.7	56.38	79.15	593	0	11397	0.37	11.84	0	1017.92	1019	1017	0	4.45	1.73	9.72	7.7
11/09/2011 12:00 AM	2011	11	9	313	11.69	20.42	5.18	53.04	68.76	41.32	75.04	99.8	38.49	120.01	528	0	17282	1.47	18.85	0	1014.08	1017	1010	0	4.57	1.78	9.71	8.4
11/10/2011 12:00 AM	2011	11	10	314	11.92	19.3	3.67	53.45	66.74	38.61	76.27	94.6	46.06	91.46	625	0	13170	2.78	17.76	0	1004.32	1010	998	0.01	4.68	1.83	9.77	9.24
11/11/2011 12:00 AM	2011	11	11	315	2.83	5.08	0.89	37.09	41.14	33.6	76.4	89.3	55.7	57.06	433	0	8217	3.54	27.4	0	998.31	1005	995	0.02	4.79	1.87	9.88	8.97
11/12/2011 12:00 AM	2011	11	12	316	4.26	10.28	-0.04	39.67	50.5	31.93	59.91	79.82	38.21	81.42	441	0	11725	1.81	18.19	0	1009.21	1013	1006	0	4.95	1.98	9.92	7.78
11/13/2011 12:00 AM	2011	11	13	317	8.19	17	-0.14	46.74	62.6	31.75	57.41	88.4	29.55	94.56	692	0	13616	2.22	21.26	0	1010.1	1013	1006	0	5.11	2.06	9.79	7.33
11/14/2011 12:00 AM	2011	11	14	318	11.18	15.81	8.63	52.13	60.46	47.53	68.87	98.9	42.38	48.73	380	0	7017	2.5	24.99	0	1003.47	1006	999	0.14	5.22	2.05	9.63	8.18
11/15/2011 12:00 AM	2011	11	15	319	11.53	15.67	5.18	52.75	60.21	41.32	73.77	92.2	53.54	43.64	310	0	6284	1.65	18.41	0	1004.1	1009	999	0.02	5.32	2.01	9.62	9.21
11/16/2011 12:00 AM	2011	11	16	320	8.01	12.81	3.03	46.41	55.06	37.45	92.72	99.2	72.44	35.37	269	0	5093	0.46	15.56	0	1004.94	1009	1001	0.28	5.42	2.05	9.71	8.92
11/17/2011 12:00 AM	2011	11	17	321	3.41	8.62	-0.51	38.14	47.52	31.08	67.58	85.2	56.15	29.29	225	0	4217	3.46	28.06	0	1004.54	1008	1002	0	5.44	1.85	9.77	8.71
11/18/2011 12:00 AM	2011	11	18	322	-0.57	3.66	-3.78	30.97	38.59	25.2	73.46	90.2	51.99	71.97	530	0	10364	2.71	22.8	0	1016.76	1021	1008	0	5.47	2.12	9.72	7.27
11/19/2011 12:00 AM	2011	11	19	323	3.68	10.94	-4.44	38.63	51.69	24.01	49.93	90.9	26	103.91	489	0	14963	2.39	21.48	0	1017.86	1020	1015	0	5.59	2.29	9.49	6.11
11/20/2011 12:00 AM	2011	11	20	324	10.73	17.37	4.99	51.31	63.27	40.98	56.51	70.78	46.71	81.46	522	0	11731	2.6	22.14	0	1011.98	1015	1010	0	5.67	2.41	9.17	6.83
11/21/2011 12:00 AM	2011	11	21	325	2.23	8.81	-4.54	36.02	47.86	23.83	69.11	90.1	44.64	97.8	527	0	14083	1.82	19.95	0	1018.86	1021	1014	0	5.8	2.57	9.01	7.62
11/22/2011 12:00 AM	2011	11	22	326	-0.06	5.24	-6.03	31.89	41.43	21.15	79.18	95.7	53.67	66.46	393	0	9570	0.77	15.12	0	1019.69	1023	1013	0.27	5.96	2.67	8.99	5.92
11/23/2011 12:00 AM	2011	11	23	327	1.39	3.21	-0.8	34.51	37.78	30.56	92.62	97	85.7	15.94	115	0	2296	2.95	24.11	0	1004.26	1013	999	1.39	5.94	1.45	8.83	5.6
11/24/2011 12:00 AM	2011	11	24	328	0.5	3.4	-1.46	32.9	38.12	29.37	87.97	98.7	78.85	23	185	0	3312	0.84	15.78	0	1013.29	1015	1010	0	5.44	1.4	8.58	5.61
11/25/2011 12:00 AM	2011	11	25	329	4.6	13.88	-1.55	40.27	56.98	29.21	79.82	99.5	41.15	92.47	494	0	13316	0.26	11.18	0	1012.6	1014	1011	0	5.04	1.64	8.39	5.48
11/26/2011 12:00 AM	2011	11	26	330	7.18	15.4	1.64	44.93	59.72	34.95	70.02	93	40.75	84.92	516	0	12229	0.32	11.84	0	1014.88	1017	1012	0	4.9	1.78	8.24	5.77
11/27/2011 12:00 AM	2011	11	27	331	7.73	15.99	-0.14	45.92	60.78	31.75	74.85	96.2	36.31	75.04	533	0	10806	1.65	21.26	0	1013.58	1016	1011	0	4.9	1.83	8.18	6.02
11/28/2011 12:00 AM	2011	11	28	332	12.93	16.15	10.13	55.27	61.07	50.23	77.81	87.9	64.51	37.52	198	0	5403	0.92	18.63	0	1012.44	1014	1011	0	4.93	1.87	8.17	7.2
11/29/2011 12:00 AM	2011	11	29	333	14.06	18.33	9.57	57.31	64.99	49.23	86.03	96.9	68	24.98	284	0	3597	2.38	23.24	0	1007.66	1013	997	0.28	5	1.86	8.28	8.31
11/30/2011 12:00 AM	2011	11	30	334	9.69	14.89	6.38	49.44	58.8	43.48	78.87	96.6	66.88	28.32	263	0	1756	3.93	26.96	0	995.98	997	995	0.11	4.99	1.29	8.42	9.27
12/01/2011 12:00 AM	2011	12	1	335	-0.25	4.18	-3.78	31.55	39.52	25.2	68.43	91.9	40.74	93.96	441	0	13531	1.89	18.63	0	1014.81	1019	1007	0	4.85	1.73	8.71	7.44
12/02/2011 12:00 AM	2011	12	2	336	0.71	7.25	-5.29	33.27	45.05	22.48	74.9	94.4	40.8	67.88	464	0	9774	1.34	13.81	0	1019.92	1026	1017	0	4.89	1.86	8.66	5.78
12/03/2011 12:00 AM	2011	12	3	337	0.57	7.17	-2.67	33.02	44.91	27.19	69.55	92	35.14	94.66	438	0	13630	0.53	8.33	0	1028.75	1031	1025	0	5	1.94	8.39	5.54
12/04/2011 12:00 AM	2011	12	4	338	3.72	9.81	-1.34	38.69	49.66	29.59	73.81	88.7	51.52	85.87	427	0	12365	2.25	22.58	0	1024.1	1028	1021	0	5.09	1.98	8.15	5.03
12/05/2011 12:00 AM	2011	12	5	339	8.43	15.15	2.57	47.18	59.27	36.63	79.81	96.7	51.62	73.09	463	0	10525	0.74	16.22	0	1018.66	1022	1015	0	5.17	2.01	7.92	5.37
12/06/2011 12:00 AM	2011	12	6	340	10.49	14.86	3.38	50.88	58.75	38.08	92.45	99.3	82	29.56	226	0	4257	1.77	17.1	0	1010.24	1015	1008	0.58	5.19	1.59	7.83	6.96
12/07/2011 12:00 AM	2011	12	7	341	2.76	4.14	-0.35	36.96	39.45	31.37	98.21	99.3	96.2	7.88	48	0	1135	1.32	14.47	0	1002.83	1008	996	1.9	5.07	1.08	7.94	7.3
12/08/2011 12:00 AM	2011	12	8	342	-1.46	0.97	-4.44	29.36	33.75	24.01	91.73	99	76.37	5.84	54	0	841	0.8	20.82	0	1007.51	1018	994	0.51	4.58	0.97	8.01	6.09
12/09/2011 12:00 AM	2011	12	9	343	-1.37	2.72	-5.2	29.53	36.9	22.64	86.96	97.7	63.41	22.44	149	0	3231	0.49	16.22	0	1017.27	1019	1016	0	4.19	1.04	7.94	5.65
12/10/2011 12:00 AM	2011	12	10	344	-1.61	1.29	-6.41	29.11	34.32	20.46	68.65	95.9	46.33	45.39	484	0	6537	2.74	21.26	0	1018.14	1023	1015	0	3.98	1.06	7.81	5.43
12/11/2011 12:00 AM	2011	12	11	345	-4.87	0.82	-9.58	23.23	33.48	14.76	68.22	89.1	41.64	105.43	499	0	15182	0.37	9.64	0	1026.94	1029	1023	0	3.92	1.26	7.67	5.16
12/12/2011 12:00 AM	2011	12	12	346	-3.04	5.34	-8.09	26.52	41.61	17.44	69.93	90.1	31.35	95.27	462	0	13718	0.11	6.36	0	1025.28	1027	1023	0	3.91	1.42	7.55	4.91
12/13/2011 12:00 AM	2011	12	13	347	-3.08	2.97	-8	26.46	37.35	17.6	75.17	92	41.64	92.94	483	0	13383	0.61	11.18	0	1021.44	1022	1021	0	3.92	1.5	7.41	4.69
12/14/2011 12:00 AM	2011	12	14	348	1.11	6.17	-2.19	34	43.11	28.06	81.66	92.8	62.03	55.34	477	0	7968	0.29	10.74	0	1020.75	1023	1017	0	3.96	1.52	7.3	4.67
12/15/2011 12:00 AM	2011	12	15	349	5.56	9.21	2.1	42.01	48.58	35.78	87.57	96.1	75.55	13.45	141	0	1936	4.21	26.52	0	1006.94	1017	999	0.35	3.94	1.12	7.17	4.7
12/16/2011 12:00 AM	2011	12	16	350	3.5	9.6	1.53	38.3	49.28	34.75	75.12	95.1	61.31	35.92	360	0	5173	4.85	34.41	0	1007.63	1012	998	0.25	3.74	1.03	7.02	5.31
12/17/2011 12:00 AM	2011	12	17	351	-2.5	1.54	-8.85	27.51	34.77	16.07	70.72	82.8	52.89	31.15	219	0	4485	2.28	18.63	0	1012.24	1015	1010	0	3.67	1.14	6.99	4.76
12/18/2011 12:00 AM	2011	12	18	352	-10.09	-5.53	-13.15	13.84	22.05	8.33	66.68	85.3	35.12	90.22	443	0	12991	1.23	12.06	0	1016.26	1018	1014	0	3.65	1.49	6.91	3.19
12/19/2011 12:00 AM	2011	12	19	353	-1.94	5.37	-12.69	28.5	41.67	9.16	65.43	84.4	50.23	63.41	489	0	9132	1.7	18.63	0	1009.56	1017	1005	0	3.75	1.64	6.73	2.31
12/20/2011 12:00 AM	2011	12	20	354	-0.72	3.85	-5.46	30.71	38.93	22.17	69.13	87.5	39.95	55.48	427	0	6713	2.12	17.76	0	1012.26	1015	1005	0	3.85	1.68	6.46	2.51
12/21/2011 12:00 AM	2011	12	21	355	5.46	10.98	-2.67	41.82	51.76	27.19	90.21	99.3	62.14	7.3	86	0	760	1.65	17.32	0	1004.09	1013	998	0.45	3.89	1	6.2	3.03
12/22/2011 12:00 AM	2011	12	22	356	6.19	10.32	3.66	43.13	50.58	38.59	83.1	97.7	65.67	33.31	360	0	4796	1.96	29.37	0	1008.97	1013	999	0.07	3.85	1.54	6.01	4.59
12/23/2011 12:00 AM	2011	12	23	357	0.95	3.86	-3.52	33.71	38.95	25.66	84.09	99.1	59.8	24.92	314	0	3588	2.2	29.59	0	1009.76	1016	1006	0.58	3.71	0.97	6.03	4.7
12/24/2011 12:00 AM	2011	12	24	358	-6.82	-3.62	-11.18	19.72	25.48	11.88	72.92	89.6	52.58	64.65	482	0	9310	1.74	14.47	0	1021.14	1024	1016	0	3.62	1.15	6.11	3.59
12/25/2011 12:00 AM	2011	12	25	359	-2.83	2.75	-11.27	26.91	36.95	11.71	71.32	94.4	54.53	52.81	542	0	7604	2.25	21.48	0	1013.63	1023	1005	0	3.62	2.17	6.09	2.47
12/26/2011 12:00 AM	2011	12	26	360	1.08	2.43	-0.35	33.94	36.37	31.37	69.07	96.9	45.29	111.23	445	0	10567	3.73	25.21	0	1010.02	1016	1004	0	3.62	1.38	5.94	2.54
12/27/2011 12:00 AM	2011	12	27	361	1.14	7.8	-4.82	34.05	46.04	23.32	82.23	99.2	59.29	26.67	168	0	3840	2.04	22.58	0	1003.2	1015	985	0.8	3.7	1.47	5.74	2.46
12/28/2011 12:00 AM	2011	12	28	362	-0.22	9.69	-7.17	31.6	49.44	19.09	74.69	90.8	61.97	25.51	310	0	3673	4.34	39.46	0	992.26	1001	986	0.04	3.59	0.95	5.54	3.33
12/29/2011 12:00 AM	2011	12	29	363	-8.37	-4.04	-11.1	16.94	24.73	12.02	66.94	87.8	40.35	78.42	476	0	11293	1.66	20.17	0	1006.5	1009	1001	0	3.57	1.48	5.49	2.3
12/30/2011 12:00 AM	2011	12	30	364	-0.96	3.12	-7.9	30.26	37.62	17.78	75.55	83.9	68.22	26.94	155	0	3879	0.59	10.08	0	1009.44	1010	1008	0	3.68	1.64	5.42	1.83
12/31/2011 12:00 AM	2011	12	31	365	4.01	7.31	2.18	39.21	45.16	35.92	88.92	97.7	69.72	37.48	438	0	5396	1	13.81	0	1006.44	1009	1004	0.02	3.78	1.53	5.29	2.26
