ID	YEAR	FOCAL_DEPTH	Magnitude	COUNTRY	LATITUDE	LONGITUDE	Tsumani Deaths	MISSING	INJURIES	DAMAGE_MILLIONS_DOLLARS	TOTAL_DEATHS10	-426		7.1	GREECE	38.9	22.7					2500
11	-373		7.3	GREECE	38.25	22.25					
3093	79			ITALY	40.821	14.426					3500
27	142		7	GREECE	36.7	28					
38	365	70	8	GREECE	35	23	5000				5000
2317	478			TURKEY	40.8	29.2					
43	543		6.8	TURKEY	40.3	27.8					
46	551		7.1	GREECE	38.4	22.3					4000
47	551		7.8	TURKEY	40.8	29.9					
3477	552		7.2	GREECE	38.4	22.4					
48	554		7	GREECE	36.5	27.5					
2286	557		7	TURKEY	40.9	27.6					
3765	558		7	GREECE	37.1	27.7					
53	684		8.4	JAPAN	32.5	134					
54	701		7	JAPAN	35.7	135.4					
55	704		7	JAPAN	33.8	136.7					
57	744		6.4	JAPAN	32.4	130.5	1520				1520
58	745		6.5	JAPAN	34.6	135.3					
66	818		7.9	JAPAN	35.2	139.3					
69	850		7	JAPAN	39	139.9					
72	863		7	JAPAN	37.1	138					
74	869		8.6	JAPAN	38.5	143.8	1000				
76	887		6.5	JAPAN	37.5	138.1	2000				2000
77	887		8.6	JAPAN	33	135.3					
79	922		7	JAPAN	33.8	136.7					
3429	963			ITALY	38	15					
3430	986		7.5	TURKEY	40.8	29.2					
83	1026		7.5	JAPAN	34.8	131.8	1001				1001
84	1033			SYRIA	33	35					70000
3103	1065			TURKEY							
90	1068			ISRAEL	29.5	34.95					
5500	1088			JAPAN	39.64	141.96					
93	1088		7	JAPAN	40.5	143					
96	1096		8.4	JAPAN	34	137.5					
2992	1099		8.4	JAPAN	33	135.5					
2852	1169		7	ITALY	37.3	15.03					16000
3108	1172			ITALY	38	15					
100	1202		7.6	SYRIA	33.5	36					30000
101	1222		6.6	CYPRUS ISLAND	34.5	33					
104	1241		7	JAPAN	35.2	139.4					
105	1257		7.5	JAPAN	39	144					
106	1257		7	JAPAN	35.2	139.5					
3109	1265		6.6	TURKEY	40.7	27.4					
3479	1270			GREECE	41.3	19.5					
111	1303		8	GREECE	34	26					4000
114	1331		7	JAPAN	33.7	135.2					
116	1341		7	JAPAN	41	139.5	2600				2600
3114	1343		7.5	TURKEY	40.8	28.3					
122	1360		7	JAPAN	33.4	136.2					
124	1361		8.4	JAPAN	33	135	660				660
3116	1365			ALGERIA	36.8	3					
128	1403		7	JAPAN	33.7	136.5					
131	1408		7	JAPAN	33.8	136.9					
2318	1419			TURKEY							
133	1433		7.1	JAPAN	34.9	139.5					
136	1448		7	JAPAN	37.5	138.2					
3119	1494		7.2	GREECE	35.5	25.5					
142	1495		7.1	JAPAN	35.1	139.5	200				200
2993	1498		7.5	JAPAN	33.5	135.2					
146	1498		8.3	JAPAN	34	138.1	5000				5000
152	1509		7.7	TURKEY	40.8	28.1					5000
154	1510		6.7	JAPAN	34.6	135.4					
160	1520		7	JAPAN	33.6	136.3					
163	1530			VENEZUELA	10.7	-64.1					
165	1531		7.7	PORTUGAL	38.7	-9.1					30000
5404	1542		6.6	ITALY	37.07	15.3					
173	1546		6.5	ISRAEL	32	35.5					
3121	1562			ITALY	40.5	15.5					
178	1562		8	CHILE	-38.7	-73.5					
3122	1564		5.8	FRANCE	44.017	7.283					650
179	1570		8.3	CHILE	-36.75	-73	2000				2000
3484	1571			TURKEY							
185	1575		8.5	CHILE	-39.8	-73.2	1300				1321
191	1586		8.2	JAPAN	35	136.8					8000
194	1586	60	8.5	PERU	-12.3	-77.7					22
197	1589		6.7	JAPAN	34.8	138.2					
203	1596		6.9	JAPAN	33.3	131.7	708				708
204	1597		6.4	JAPAN	33.3	131.6	40				40
207	1602		7.2	JAPAN	35.1	140.5					
212	1604	30	8.5	PERU	-17.88	-70.94	74				174
2954	1605		7.9	JAPAN	33.5	138.5	1001				1001
216	1605		7.9	JAPAN	33	134.9	5000				5000
3563	1608		7.6	IRAN	36.4	50.5					
226	1611		8.1	JAPAN	39	144.5	5000				5000
2328	1612		6.7	GREECE	35.5	25.5					
228	1614		7.7	JAPAN	37.5	138					
2289	1615		5.7	UKRAINE	44.9	35.5					
231	1616		7	JAPAN	38.1	142					
235	1619		6.4	JAPAN	32.5	130.6					
3128	1627		6.7	ITALY	41.733	15.35					5000
238	1627		8	PHILIPPINES	18.4	121.6					
3789	1629	70	7	GREECE	36	25					
243	1629			INDONESIA	-4.6	129.9					
3129	1631			ITALY	40.821	14.426					4000
245	1633		7.1	JAPAN	35.2	139.2					150
246	1633			CHILE	-41.8	-73.8					
248	1633		6.9	GREECE	37.6	21					
254	1640			CHINA	23	117					
256	1642		6.7	JAPAN	35.2	140.6					
258	1643		6.5	SOUTH KOREA	35.5	129.5					
259	1644		6.9	JAPAN	39.4	140.1	117				117
3133	1646		5.2	ITALY	43.55	10.317					
268	1649		6.5	SOUTH KOREA	35.5	126					
281	1657		8	CHILE	-36.83	-73.03	40				40
3135	1661			ITALY							
291	1662		7.6	JAPAN	31.7	132	200				200
294	1666		6.4	JAPAN	35	136.8					
295	1667		6.7	JAPAN	25	125.5					
299	1668		6.6	TURKEY	38.4	27.1					
300	1668		8.5	CHINA	35.3	118.6					42578
304	1670		6.8	CHINA	33	122.5					
307	1670		6.4	JAPAN	35.5	141					
3487	1672		6.8	GREECE							
3136	1672		5.6	ITALY	43.933	12.583					1500
315	1674	40	6.8	INDONESIA	-3.75	127.75	2244	6			2330
316	1674		6	INDONESIA	-3.7	128.2					
321	1677		8.1	JAPAN	40	144					
322	1677		7.4	JAPAN	35	141.5	500				500
325	1678	40	8.4	PERU	-9	-79					
4279	1680			SPAIN	36.5	-3.6					
3137	1682			ITALY							
337	1687	30	8.5	PERU	-13.5	-76.5	5000				5000
345	1690		8	ANTIGUA AND BARBUDA	17.5	-61.5					
346	1692		7.7	JAMAICA	17.8	-76.7	2000				3000
3139	1693		7.4	ITALY	37.133	15.017					60000
355	1698		6.4	JAPAN	33.3	131.7					
361	1700		9	USA	45	-125	2				
365	1700		6.5	SOUTH KOREA	36.5	126.5					
367	1703		8.2	JAPAN	34.7	139.8	5233				5233
3149	1707			ITALY							
2952	1707		8.4	JAPAN	34.1	137.8	2000				2000
377	1707		8.4	JAPAN	33.2	134.8	5000				5000
379	1708		7	JAPAN	34	137					
380	1708			INDONESIA	-3.69	128.15					
381	1710			INDONESIA	-4.53	129.9					
383	1711		7	INDONESIA	-4	129	2				2
384	1711		6.7	JAPAN	34.3	134					1000
385	1715	80	7.5	PERU	-17.3	-70.8					
386	1715		6.6	JAPAN	33.3	131.7					
399	1726		6.6	JAPAN	36.3	136					
3154	1726		5.8	ITALY	38.117	13.35					250
400	1730		8.7	CHILE	-32.5	-71.5	3				5
404	1732			MEXICO	16.8	-99.9					
406	1732		6.5	JAPAN	35.2	140.8					
412	1737			RUSSIA	51.1	158	3				3
3160	1741		7.3	GREECE	36.2	28.5					
3161	1742			ITALY	43.5	10.2					
421	1742		7	RUSSIA	51.5	157					
424	1746	30	8	PERU	-11.996	-77.198	4800				5941
429	1748		6.8	GREECE	38.3	22.1					
439	1751		6.6	JAPAN	37.2	138.1	2100				2100
440	1751		8.5	CHILE	-37	-73	65				65
443	1751		7.3	DOMINICAN REPUBLIC	18.5	-70.7					
449	1754		6.5	INDONESIA	-3.5	128.5					4
452	1754			MEXICO	16.8	-99.2					
456	1755		8.5	PORTUGAL	37	-10	50000				50000
468	1761		8.5	PORTUGAL	34.5	-13					
471	1762			BANGLADESH	22	92					200
474	1762		6.6	JAPAN	38.1	138.7					
475	1763		7.4	JAPAN	40.8	142					
476	1763		7.8	JAPAN	41	142.5					
477	1763		7.1	JAPAN	40.7	142					
479	1763			INDONESIA	-6	130	7				7
487	1766		6.9	JAPAN	40.9	140.7	1700				1700
492	1767			MARTINIQUE (FRENCH TERRITORY)	14.4	-61					
496	1768		7.5	PAPUA NEW GUINEA	-4.85	152.8					
497	1768		6.5	JAPAN	26.2	127.5					
499	1769		7.4	JAPAN	32.3	132					
3493	1769		6.5	GREECE	38.4	12.2					
501	1770			HAITI	18.5	-72.3					
500	1770		7	INDONESIA	-5	102					
503	1771		7.4	JAPAN	24	124.3	13486				13486
3494	1772			GREECE	38.8	26.7					
2768	1775			CUBA	19.9	-76					
513	1775			INDONESIA	-3.7	128.2					
3495	1778			GREECE							
524	1780		7.5	RUSSIA	45.3	151.2	12				12
534	1782		7.3	JAPAN	35.1	139.7					
2769	1783	13	6.9	ITALY	38.3	15.967					30000
3209	1783	6	5.9	ITALY	38.217	15.633	1500				1500
3210	1783		5.9	ITALY	38.767	16.3					
3211	1783	18	6.9	ITALY	38.783	16.467					
3212	1784		4.1	ITALY	38.317	16.4					
544	1787		8.3	MEXICO	16.5	-98.5	11				11
549	1788		8	USA	57	-153					
551	1788		8	USA	55	-161					
3075	1790			ALGERIA	35.7	-0.6					3000
558	1791		6.5	JAPAN	34.5	135.4					
569	1792		6.9	JAPAN	43.5	140.6					
572	1793		6.9	JAPAN	40.85	139.95	12				12
573	1793	33	8.3	JAPAN	38.5	144	720				745
3432	1794		5.5	GREECE	38.3	22.3					
5585	1795			TRINIDAD AND TOBAGO	10.7	-61.7					
576	1797		8	INDONESIA	0.001	99	300				300
583	1799		6.4	JAPAN	36.6	136.6					
2376	1802			VENEZUELA	10.3	-64.5					
3215	1802			ALGERIA	36.5	2.9					
588	1802		6.6	JAPAN	37.7	138.3					19
4278	1804			SPAIN	36.833	-2.833					
591	1804		6.7	GREECE	38.3	21.8					
593	1804		7.3	JAPAN	39.05	139.95					450
3217	1805		6.6	ITALY	41.5	14.467					
596	1806		7.5	PERU	-12.1	-77.1					
599	1808		6.5	JAPAN	33.9	134.8					
603	1810		6.6	JAPAN	39.9	139.9					57
609	1812		7.5	USA	34.2	-119.9					1
615	1815	150	7	INDONESIA	-8	115	1200				11453
619	1817		6.8	GREECE	38.3	22.1					
3223	1818		6	ITALY	37.6	15.133					72
621	1818		7	INDONESIA	-4	101.5					
626	1819		8.5	CHILE	-27	-71.5					
629	1819		7.7	INDIA	23	71					1543
630	1819		5.8	NORWAY	66.416	12.85					
633	1820		7.6	MEXICO	17.2	-99.6					
635	1820	80	7.5	INDONESIA	-7	119	500				500
637	1821		6.5	GREECE	37.8	21.3					
641	1822		8.5	CHILE	-33	-72					72
644	1823			MARTINIQUE (FRENCH TERRITORY)	14.4	-61					
5445	1826			JAPAN	27.07	142.21					
4602	1826			NEW ZEALAND	-45.78	166.48					
663	1827			RUSSIA	53	158.5					
667	1828		6.4	JAPAN	32.6	129.9					
5552	1831			NEW ZEALAND	-38.7	178					
680	1833			MEXICO	16.8	-99.9					
681	1833	75	8.3	INDONESIA	-2.5	100.5					
682	1833		7.4	JAPAN	38.9	139.15	50				85
684	1834		6.4	JAPAN	43.3	141.4					
689	1835		8.2	CHILE	-36.83	-73.03	3				53
691	1835		7.6	JAPAN	37.9	141.9					
3295	1836			ITALY	39.6	16.6					589
702	1837			ISRAEL	33	35.5					
708	1837		8.5	CHILE	-42.5	-74	16				16
723	1841	30	8.4	RUSSIA	52	158					
724	1841			INDONESIA	-5	130					
725	1841		6	INDONESIA	-4	127.5					
726	1842		8.1	HAITI	19.75	-72.2	300				5300
728	1843	70	7.3	INDONESIA	1.5	98					
730	1843	33	8.3	GUADELOUPE (FRENCH TERRITORY)	16.5	-62.2					5000
732	1843		8.4	JAPAN	42	146	45				45
741	1845		7	INDONESIA	1.5	124.85					118
742	1845		8	MEXICO	17	-100.6					
743	1845		6.3	INDIA	23.583	68.367					
749	1846		7.3	INDONESIA	2	126.5					
750	1846		6.9	JAPAN	39.5	142.5					
3313	1846	5	6.1	ITALY	43.4	10.6					56
3314	1846			ITALY	43.5	10.5					
3316	1846			ITALY							
3317	1846			ITALY							
3318	1846			ITALY							
3319	1846			ITALY							
3320	1846			ITALY							
3321	1846			ITALY							
3322	1846			ITALY							
3323	1846			ITALY							
3325	1847			ITALY							
3326	1847			ITALY							
3327	1847			ITALY							
757	1847			INDIA	7.333	93.667					
763	1849		7.5	USA TERRITORY	14	143.3		1			
767	1849			RUSSIA	55	166					
772	1849		7.5	CHILE	-29.95	-71.37					
775	1851		7.2	TURKEY	35.5	28.7					
778	1851			TURKEY							
5454	1852	150	6.5	INDONESIA	-6.5	105.5					
789	1852			TURKEY							
799	1852	100	8.3	INDONESIA	-5.25	129.75	60				60
802	1852		7	MEXICO	32.5	-115.5					
807	1853		6.7	VENEZUELA	10.5	-64.2					1000
808	1853			GREECE	38.25	23.5					17
818	1854			USA	57	-152					
827	1854			INDONESIA	0.8	127.4					
835	1854		8.3	JAPAN	34	137.9	300				1000
837	1854		8.4	JAPAN	33.1	135	3000				3000
839	1855		8	NEW ZEALAND	-41.25	175					
5523	1855			NEW ZEALAND	-41.93	174.09					
846	1855		6	USA	34.1	-118.1					
850	1855		7	JAPAN	34.5	137.6					
851	1855		7	JAPAN	35.65	139.8					6757
856	1856		5.5	USA	37.5	-122.3					
2377	1856		7.5	HONDURAS	16	-88					
3438	1856			ALGERIA	37.1	5.7					
3380	1856			ALGERIA	37.1	5.7					3
864	1856		8	JAPAN	40.5	143.5	26				26
867	1856		6.6	GREECE	38.5	26.25					
869	1857		8	PAPUA NEW GUINEA	-5.5	147					
870	1857	50	7	INDONESIA	-8	115.5					36
871	1857		6.4	JAPAN	34.8	138.3					
872	1857			INDONESIA	1.35	125.2					
880	1859		7	INDONESIA	1	126.5					
881	1859			INDONESIA	-4.6	129.9					
882	1859		7.3	INDONESIA	0.009	125.5					
3381	1859		6.8	TURKEY	40	26					
884	1859		6.2	EL SALVADOR	13.33	-87.81					
888	1859		7.6	CHILE	-27.35	-70.35					10
894	1859		7	EL SALVADOR	13.7	-89.8					
897	1860		7.5	HAITI	18.52	-73.35					
900	1860			PERU	-12.1	-77.1					
902	1860			INDONESIA	-1.25	128.5					
904	1861	70	8.5	INDONESIA	-1	97.5	1105				1105
907	1861	20	7	INDONESIA	0.009	98	950				950
909	1861	70	7	INDONESIA	1	97.5					
913	1861		6.8	INDONESIA	1	97.5					
914	1861		6.5	INDONESIA	-1.5	100					
915	1861		7.4	JAPAN	38.5	142					
918	1861		7.3	GREECE	38.2	22.2					
3442	1862			GREECE	38.25	22.25					
922	1862		5.9	USA	32.7	-117.2					
930	1863		6.4	JAPAN	44.6	141.5					
934	1864		7.8	INDONESIA	-1	135	250				250
2794	1864			CANADA	46.5	-53.7					
935	1865			PERU	-12	-77.1	5				5
940	1865		6.3	USA	37.2	-121.9					
943	1865		8	TONGA	-19.5	-173.5					
951	1866		6	GREECE	36	23					
952	1866		6.3	ALBANIA	40.4	19.5					20
953	1866		6	GREECE	36.404	25.396					
3446	1867		7.4	GREECE	38.39	20.52					
4241	1867			NORWAY	58.667	6.167					
965	1867		7.1	GREECE	36.4	22.2					
966	1867	33	7.5	USA TERRITORY	18.1	-65.1	24				24
967	1867		7	TAIWAN	25.34	121.91	80				580
969	1868			USA TERRITORY	18.1	-65.1					
971	1868		7.9	USA	19	-155.5	47				77
3450	1868			ITALY	45.7	10.7					
981	1868			MEXICO	16.8	-99.9					
983	1868	25	8.5	CHILE	-18.6	-71	25000				25000
5484	1868		8.5	CHILE	-18.6	-71					
5508	1868	12	7.6	NEW ZEALAND	-40.2	173					
993	1868		6.8	USA	37.7	-122.1					30
1004	1869			CHILE	-30	-71.4					
1010	1869		7.5	CHILE	-19.6	-70.23					
2330	1870		7.9	MEXICO	15.4	-96.3					24
1013	1870			EGYPT	32.2	29.6					
3421	1870			CROATIA							
3422	1870			ITALY	39.28	16.28					
1037	1872		6	PHILIPPINES	16	119					
1038	1872	33	7.4	JAPAN	34.9	132					804
1040	1872			USA	52.2	-168.5					
1032	1872			ICELAND							
5415	1872			JAPAN	27.07	142.21					
1055	1873		6.7	USA	42	-124					
1049	1873		8	PAPUA NEW GUINEA	-5.5	146					
3453	1875			ITALY	44.2	12.4					
1062	1875		8	NEW CALEDONIA	-20	168.5	25				25
1064	1876	50	6.8	INDONESIA	-3	127.25					
1075	1877		8.3	CHILE	-21.5	-70.5	2282				2385
1081	1877			CHILE	-20.2	-70.1					
1086	1878		7.5	VANUATU	-19	168.5					
1089	1878			USA							
1095	1878			PAPUA NEW GUINEA	-4.25	152.25					1
1096	1878		8	VANUATU	-19	168.5					
3644	1879		5.9	EGYPT	29	33					
1117	1880	100	7.5	PHILIPPINES	16	121.85					20
5511	1880	12	7	NEW ZEALAND	-38.85	178.85					
1119	1880		6.3	USA	55.8	-155.6					
1120	1880		6.3	USA	57	-136					
3458	1881		6.5	GREECE	38.2	26.2					
5527	1881			NEW ZEALAND	-43.69	172.9					
1123	1881			CHILE	-20.2	-70.1					
1128	1881		7.9	INDIA	8.52	92.43					
1130	1882			SRI LANKA	8.567	81.233					
1132	1882	40	7.9	PANAMA	10	-79	100				
1135	1882		7.5	INDONESIA	-4.5	129.9					
3645	1884		6.2	ERITREA	15.7	39.6					
1153	1885		7.3	INDONESIA	-2.5	127.5					
1156	1885			CHILE	-20.2	-70.1					
1164	1886		7.5	GREECE	37.1	21.5					
2360	1886		7.7	USA	32.9	-80					
3462	1887			ITALY	43.7	8.1					
1170	1887			HAITI	19.7	-74.4					
3464	1888		6.1	GREECE	38.2	22.1					
1178	1889		6.8	PHILIPPINES	13.5	121					
1181	1889	70	8	INDONESIA	1	126.25					
3564	1890	10	7.2	IRAN	36.6	54.6					171
3466	1891			ALGERIA	36.5	1.8					
1190	1891		7	INDONESIA	-9	124					
1192	1891			USA	48	-123.5					
1195	1892		7.5	USA TERRITORY	14	143.3					
1196	1892			INDONESIA	2.5	99.5					
1199	1892	70	7	INDONESIA	-3	127.75					
1200	1892		6.5	JAPAN	37	136.8					1
1202	1893		6.5	GREECE	40.5	25.5					
1210	1893		6.4	GREECE	37.7	20.9					
1203	1893		7	RUSSIA	43.3	147.5					
1204	1893		6.9	JAPAN	42.5	145.5					
1208	1894		7.9	JAPAN	42.5	146					1
1212	1894		7	GREECE	38.7	23.1					
1213	1894		6.7	TURKEY	40.6	28.7					
1214	1894		7	JAPAN	38.9	139.8					726
1219	1895		7.3	PAPUA NEW GUINEA	-8.4	150.1					
5628	1895			CHILE	-18	-71					
5512	1895	12	6	NEW ZEALAND	-38.8	176					
2452	1895		4.3	USA	40.667	-74.883		1			
1231	1896		7.6	JAPAN	36.5	141					
1234	1896		8.3	JAPAN	39.5	144	27122	9247			27122
3497	1896			GREECE							
1230	1896			ICELAND							
1237	1897	33	7.4	JAPAN	38.1	141.9					
1241	1897		7.7	JAPAN	38	143.7					
1244	1897	33	8.7	PHILIPPINES	6	122	13	14			13
5456	1897	33	8.1	PHILIPPINES	12	126					
1249	1898		7.2	JAPAN	38.6	142					
3498	1898		7	GREECE	37.6	22.5					
1255	1899			PAPUA NEW GUINEA	-3	152					
1258	1899		8.2	USA	60	-142					
1260	1899	25	8.2	USA	60	-140					
1266	1899		7.8	INDONESIA	-3	128.5	2460	300			2460
1268	1899		7.1	JAPAN	31.9	132					
1269	1899		6.9	JAPAN	32.7	132.3					
2812	1900			USA	58.6	-137.5	5				5
1272	1900		6.6	PAPUA NEW GUINEA	-4	152					
1274	1900		7.1	PAPUA NEW GUINEA	-5	148					
1275	1900		6.9	INDONESIA	-4	140	5				5
1276	1900	25	8.4	VENEZUELA	11	-66					
1277	1901		6.7	USA	36	-120.5					
1278	1901	33	6	JAPAN	39	143					
1279	1901	33	7.5	JAPAN	28	130.3					
1281	1901	33	7.2	JAPAN	40.5	142.5					
1280	1901	33	7.9	NEW CALEDONIA	-22	170					
1282	1901	33	7.4	JAPAN	40.6	142.3					18
1283	1901	33	6.3	JAPAN	40.5	142.5					
5162	1901		7	NICARAGUA	11	-86.5					
1287	1902		7	EL SALVADOR	13.5	-89.5	185	100			185
1289	1902		6.6	GREECE	40.75	23.25					
1307	1903		6.5	CHILE	-28.5	-71					
1312	1904	30	8.3	RUSSIA	52	159					
1313	1904		8.1	RUSSIA	52	159					
1324	1905	33	7	JAPAN	37.4	142.6	57				57
3411	1905	15	7.1	ITALY	38.67	16.07					557
2296	1905		5.1	RUSSIA	44.5	37.5					
1331	1906	25	8.8	ECUADOR	1	-81.5	1000				1000
2627	1906			VENEZUELA	10.5	-66.916					
1332	1906			ECUADOR	1	-81					
2892	1906			COLOMBIA	3.9	-77.033					
1333	1906	33	7.9	USA	37.7	-122.5					
1339	1906	25	8.2	CHILE	-33	-72					4000
1340	1906	33	8	PAPUA NEW GUINEA	-7	149					
1344	1906		7.2	PAPUA NEW GUINEA	-4	149					
3559	1906		5	GHANA	6.5	0.3					
1349	1907	50	7.6	INDONESIA	2	94.5	400				400
1350	1907		6.5	JAMAICA	18	-76.8					1000
1353	1907		8.1	MEXICO	17	-100					8
1362	1907	33	5.5	USA	59.5	-135.5					
3415	1907		5.9	ITALY	38.133	16.017					158
1367	1908	130	7.5	INDONESIA	-2	100					
1371	1908	33	6.8	USA	19	-155					
1373	1908	40	7	ITALY	38.17	15.58	2000				80000
1374	1909		6.7	JAPAN	34.5	141.5					
1375	1909	80	7.5	JAPAN	34.5	141.5					
1384	1909	33	6.9	JAPAN	35.4	136.3					41
1386	1909	100	8	USA TERRITORY	12.5	145					
4922	1910	90	7.2	VANUATU	-14	166.5					
3500	1911		6.7	ALBANIA	40.9	20.8					
1396	1911	160	8	JAPAN	28	130					12
1401	1912	100	6.6	JAPAN	40.5	142					
1405	1913	33	6.8	NEW ZEALAND	-41.8	171.5					
1410	1913	33	7	PAPUA NEW GUINEA	-7	148					
1412	1914	33	7.1	JAPAN	31.58	130.67					63
1416	1914	15	8.1	INDONESIA	-1.829	136.943					
5542	1914			NEW ZEALAND	-37.8	178.2					1
1427	1915	14	6.7	GREECE	38.5	20.7					
1429	1915	60	7.8	JAPAN	38.3	142.9					
1431	1915	33	6.4	PHILIPPINES	18	119.5					
1432	1916	35	7.9	PAPUA NEW GUINEA	-4.739	152.548					
1434	1916	25	7	PANAMA	9.6	-82					
3147	1916		5.1	ITALY	38.817	15.233					
3811	1916		5.9	ITALY	43.967	12.667					
1439	1917	33	6.6	INDONESIA	-7	116					1500
1440	1917		6.5	CHINA	24.47	118.08					
1442	1917	33	6.4	PHILIPPINES	6	125					7
1444	1917	60	8	NEW ZEALAND	-29.2	-177					
1445	1917	33	5.8	TAIWAN	23.2	121.6					
1446	1917	25	8.3	SAMOA	-15.5	-173	2				2
1451	1918	33	7.5	CHINA	23.5	117.2					2000
1456	1918	33	8.3	PHILIPPINES	5.5	123	6				52
1457	1918	33	8.2	RUSSIA	45.5	151.5	23	7			23
1458	1918		7.3	USA TERRITORY	18.5	-67.5	140			4	144
1459	1918			USA TERRITORY	18.5	-67.5					
1460	1918	33	7.8	RUSSIA	44.5	151.5					
1461	1918	33	7.8	CHILE	-26	-71					
1472	1919	25	8.1	TONGA	-18.352	-172.515					
1474	1919	35	7.8	PAPUA NEW GUINEA	-4.852	153.714					
5466	1919	20	6.6	NICARAGUA	12.33	-88.291					
1485	1920	15	7	CHILE	-38	-73.5					
1486	1920	35	7.8	VANUATU	-19.919	168.53					
3537	1921			CHINA	40.13	124.38					
1490	1921		7.5	INDONESIA	-11	111					
1491	1921		7.5	PHILIPPINES	8	127					
1495	1922	33	7.5	PAPUA NEW GUINEA	-7	143					
1505	1922	35	8.7	CHILE	-28.553	-70.755	200				700
1506	1922		6.3	NEW ZEALAND	-43	173					
1508	1923	19	8.3	RUSSIA	54	161	3			1.5	3
1512	1923	22	7.2	PHILIPPINES	6.5	124					
1517	1923	20	7.2	RUSSIA	56.5	162.5	18				18
1521	1923	40	7.3	JAPAN	35.4	141.8					
1526	1923	33	7.9	JAPAN	35.1	139.5	2144	166			142807
1527	1923	20	7.7	JAPAN	34.9	140.2					
1528	1923	50	7.2	PAPUA NEW GUINEA	-4.5	151.5					
1536	1924	33	8.3	PHILIPPINES	6.5	126.5					
1538	1924		6.5	PHILIPPINES	16	118					
1543	1924		7.8	AUSTRALIA	-56	157.5					
1550	1925		6	USA	60	-146					
3504	1926		7.2	GREECE	36.5	23.3					
1572	1926	35	6.9	SOLOMON ISLANDS	-9.674	159.519					
1576	1927	10	7.6	JAPAN	35.6	135.1					3022
2298	1927	27	6	UKRAINE	44.4	34.4					
1578	1927	10	6.9	JAPAN	37.9	142					
1579	1927	20	6.4	JAPAN	34.2	142					
2299	1927	17	6.8	UKRAINE	44.4	34.5					11
1584	1927	25	7.1	USA	57.69	-136.07					
1585	1927	10	7.3	USA	34.813	-120.774					
1586	1927	33	7.1	CHILE	-44.6	-73					
1587	1927		6.3	INDONESIA	-0.7	119.7	50	50			50
1589	1927	35	7.5	RUSSIA	55.663	160.039					
1592	1928	60	7.7	MEXICO	15.67	-96.1					
1597	1928	29	6	GREECE	38	23					20
1602	1928	40	7	JAPAN	40	143.2					
1603	1928	33	7	PHILIPPINES	12.4	120.9					
1605	1928	35	7.7	MEXICO	16.028	-97.036					4
1609	1928	25	7.6	CHILE	-35	-72					279
1611	1928		7.3	PHILIPPINES	7	124	4	102			97
1612	1929		6.9	VENEZUELA	10.6	-65.6					
1613	1929	50	7.8	USA	50.88	-169.71					
1614	1929	30	7.1	JAPAN	31.7	132.2					
1616	1929	33	7	CANADA	51	-131					
1622	1929	20	7.3	CANADA	44.69	-56	28			1	28
3052	1930		7.3	MYANMAR (BURMA)	17.3	96.5	500				500
1625	1930	33	6	INDONESIA	-5.6	105.3					
1627	1930	15	5.2	USA	34.03	-118.643	1				1
1630	1930	35	6.6	PAPUA NEW GUINEA	-4.423	145.46					
4223	1930		5.9	ITALY	43.667	13.267					18
3620	1930			KENYA	-4.05	39.667					
1632	1930	33	6.5	PAPUA NEW GUINEA	-1.3	144.3	27	8			27
1639	1931	60	7.6	JAPAN	41.2	142.5					
1644	1931		7.4	INDONESIA	-5	102.75					
1645	1931	35	7.8	SOLOMON ISLANDS	-10.932	161.016	50				50
1646	1931	40	7.1	JAPAN	32.2	132.1					1
1649	1932	33	8.1	MEXICO	19.5	-104.25	4				400
1651	1932	54	7.9	MEXICO	19.452	-103.632					
1652	1932	33	7	MEXICO	19	-104.5	75	100			75
1661	1933	35	8.4	JAPAN	39.224	144.622	3022				3022
3603	1933			TOGO	6.9	0.6					
1664	1933	20	7.1	JAPAN	38.1	142.4					
1665	1933	33	6.9	ECUADOR	-2	-81					
1669	1934	55	7.9	PHILIPPINES	17.5	119					
1671	1934	60	7.7	PANAMA	8	-82.5					
1673	1934	35	7.8	SOLOMON ISLANDS	-11.907	166.731					
1674	1934	35	7.2	SOLOMON ISLANDS	-11.139	165.503					
3308	1934	5	7	MEXICO	18.5	-105.5					
1678	1935		6.5	JAPAN	36.6	141.4					
1683	1935	30	7.8	PAPUA NEW GUINEA	-3.824	141.416					
1684	1935	10	7.2	JAPAN	39.9	143.7					
1685	1935	10	7	JAPAN	40.7	144.3					
1690	1936	60	7.7	INDONESIA	4.5	126.5					
1691	1936	60	7.3	CHILE	-24.5	-70					1
1695	1936	40	7.7	JAPAN	38.2	142.2					
1699	1937	60	7.5	PHILIPPINES	14.5	121.5					1
1701	1937	33	5.7	RUSSIA	56	162.5					
1704	1938		8.5	INDONESIA	-5.25	130.5					
1708	1938		7.5	PAPUA NEW GUINEA	-6	147.8					
1710	1938		7.6	INDONESIA	-1	120	17				17
1711	1938		7.1	JAPAN	36.7	141.4					
1714	1938		6.1	JAPAN	43.6	144.3	1				1
1715	1938	35	7.6	JAPAN	25.321	125.115					
1716	1938	30	7.7	JAPAN	37.1	141.7					1
1717	1938	30	7.6	JAPAN	37.2	141.7					
1718	1938	0	7.5	JAPAN	37.5	141.8					
1719	1938	20	7.1	JAPAN	37	141.7					
1722	1938	25	8.2	USA	55.48	-158.37					
1725	1938	60	6	JAPAN	37	141.5					
1727	1938	10	6.9	JAPAN	36.7	142.1					
1728	1938	50	7	JAPAN	37	142.2					
1731	1939	20	6.6	JAPAN	32.3	132					1
1733	1939	35	7.9	SOLOMON ISLANDS	-9.295	159.234	12				12
1734	1939		7	JAPAN	40.1	139.5					27
4258	1939	16	6.5	PORTUGAL	37.053	-24.427					
1738	1939	150	8	INDONESIA	0	123					
2301	1939	35	7.7	TURKEY	39.77	39.533					32700
1741	1940	10	7.5	JAPAN	44.2	139.5	10				10
1744	1941	15	7.4	PAPUA NEW GUINEA	-4.175	152.071					4
1746	1941	55	7.6	INDIA	12.5	92.5					
1747	1941	10	7.4	JAPAN	32	132.1	2				2
3724	1941		8.3	ATLANTIC OCEAN	37.417	-18.983					
1748	1941		7.6	COSTA RICA	8.7	-83.2					6
1749	1941		6.9	COSTA RICA	8.5	-84					
1751	1942	60	8.2	PERU	-15	-76					30
1752	1943	35	8.2	CHILE	-30.75	-72					11
1753	1943	20	7.1	JAPAN	41.2	143.3					
1756	1944	30	8.1	JAPAN	34	137.1	1223	2135			1223
1759	1945	33	7.1	JAPAN	34.7	137.2					2306
1760	1945	20	7.3	JAPAN	40.9	142.1					2
1761	1945		8	PAKISTAN	24.5	63	4000			25	4000
1762	1946	15	8.6	USA	53.492	-162.832	167			26.271	167
1763	1946		7.3	CANADA	49.87	-124.92					
1765	1946	15	7.9	DOMINICAN REPUBLIC	19.25	-69	1790				1790
1766	1946	15	7.5	DOMINICAN REPUBLIC	19.5	-69.5	75				75
1770	1946	20	8.1	JAPAN	33	135.6	1362				1362
1772	1947	12	7.1	NEW ZEALAND	-38.85	178.87					
1774	1947	12	6.9	NEW ZEALAND	-38.42	178.88					
1775	1947	28	6.9	GREECE	37	22					3
1776	1947	33	7	JAPAN	43.8	141					
1777	1948	33	8.3	PHILIPPINES	10.5	122	2				74
1779	1948	40	7.1	GREECE	35.5	27.2					
1781	1948	40	7.2	JAPAN	33.1	135.6					
1782	1948	15	6.5	GREECE	38.532	20.427					2
1783	1948		6.3	INDONESIA	6	95					
1784	1948	33	7.8	TONGA	-21	-174					
1786	1948	100	7	CHILE	-22.5	-69					
1788	1949	150	5.9	RUSSIA	54.6	163.5					
1790	1949	70	7	USA	47.167	-122.617					8
1787	1949		6.7	GREECE	38.58	26.23					7
1795	1949	25	8.1	CANADA	53.6	-133.3					
1799	1949	60	7.5	PAPUA NEW GUINEA	-5.5	154					
1808	1950	33	7.7	COSTA RICA	11	-85					
1809	1950		7.6	INDONESIA	-3.8	128.3	1				1
1810	1950	65	7.5	GUATEMALA	14.31	-91.917					
1811	1950	33	7.3	SOLOMON ISLANDS	-10	159.5					
5660	1950	60	7.8	VANUATU	-18.25	167.5					
1813	1950	50	7.5	MEXICO	16.48	-98.22					
1815	1951	12	6.9	USA	19.5	-156					
3310	1951	21	7.3	TAIWAN	23.8	121.7					68
1817	1952	45	8.1	JAPAN	42.15	143.85	33				33
1818	1952	20	7	JAPAN	41.7	143.6					
1819	1952	33	4.5	USA	19.1	-155					
1820	1952	25	7.8	PHILIPPINES	9.5	127.25					
1829	1952	22	9	RUSSIA	52.755	160.057	10000			1	10000
1835	1953		5.8	RUSSIA	50	156.5					
3396	1953		6.5	CYPRUS	35	32.5					40
1840	1953	33	6.4	FIJI	-18.3	178.2	5	12			7
1841	1953	60	7.4	JAPAN	34	141.7					1
1842	1953	30	7.4	PERU	-3.4	-80.6					6
3394	1954		6.7	ALGERIA	36.283	1.467					1243
1847	1954	30	6.1	JAPAN	38.9	142.2					
3393	1955		6.2	GREECE	39.4	23.1					8
1849	1955	30	7.1	CHILE	-30	-72	1				1
1852	1955	33	6.5	PAPUA NEW GUINEA	-6.9	155.7					
1855	1956	20	6.3	JAPAN	44.3	144.1					
1859	1956	20	7.8	GREECE	36.9	26	3				56
3392	1956		6.8	GREECE	36.8	25.5					
1867	1957	33	8.6	USA	51.292	-175.629	2	1			2
1869	1957	33	7.3	INDONESIA	-1.5	137					
1870	1957	25	7.9	MEXICO	16.5	-99.1					65
1872	1957		5.5	INDONESIA	-8.2	107.3					
1877	1958	60	7.6	ECUADOR	1.5	-79.5	4				115
1880	1958	35	7.8	USA	58.37	-136.665	5			0.1	5
1884	1958	40	8.3	RUSSIA	44.53	148.54					
1886	1959	40	6.8	JAPAN	37.5	142.2					
1890	1959	60	8.2	RUSSIA	52.5	159.5					
1892	1959	33	7.3	SOLOMON ISLANDS	-7.5	156					
1893	1959	10	6.7	JAPAN	37.5	143.2					
1898	1960	20	7.5	JAPAN	39.8	143.4					
1899	1960	20	6.7	JAPAN	39.4	143.7					
1901	1960	35	8.2	CHILE	-37.872	-73.243					
1902	1960	33	9.5	CHILE	-38.143	-73.407	2226	3000		1000	2226
1904	1960	33	6.6	PAPUA NEW GUINEA	-9.4	152.3					
1905	1960	30	6.7	JAPAN	40.3	142.5					
1907	1960	93	6.8	PERU	-6.8	-80.7	66	2		0.55	66
1910	1961	40	6.8	JAPAN	36	142.3					
1911	1961	20	6.4	JAPAN	36	141.9					
1912	1961	20	6.5	JAPAN	36.2	141.9					
1913	1961	80	6.6	RUSSIA	43.2	147.9					
1914	1961	74	7.6	JAPAN	31.6	131.8					2
1917	1961		6.5	TURKEY	36.7	28.5					
1920	1961	60	6.6	JAPAN	29.6	131.8					
1921	1961	45	7.3	VANUATU	-18.421	168.411					
1924	1961	80	7	JAPAN	42.9	145.6					
1927	1961	60	6.9	JAPAN	42.7	145.7					
5631	1962	33	6.1	CROATIA	43.3	17.1					
1928	1962	35	6.8	PANAMA	8.008	-82.757					
1929	1962	25	7.2	JAPAN	38.073	142.741					
1930	1962	60	7	JAPAN	42.2	143.9					
1931	1962	40	7	MEXICO	17.2	-99.6					4
1932	1962	33	7.2	MEXICO	17.2	-99.5					3
1940	1963	47	7.3	TAIWAN	24.4	122.1					15
4290	1963		6.1	TURKEY	40.75	29					1
1946	1963	48	7.1	RUSSIA	44.426	149.272					
1947	1963	13	8.5	RUSSIA	44.772	149.798					
1948	1963	28	7.9	RUSSIA	44.772	150.563					
1954	1964	33	9.2	USA	61.017	-147.648	124			116	139
1956	1964	100	7	INDONESIA	5.8	95.4					
1957	1964	30	6.9	JAPAN	40.3	139					
5422	1964		6.6	JAPAN	40.4	139					
1959	1964	40	7.5	JAPAN	38.65	139.2	26	450		80	26
1960	1964	15	6.8	RUSSIA	47.159	153.876					
1961	1964	45	7.6	PAPUA NEW GUINEA	-5.7	150.7					
1962	1964	40	6.3	JAPAN	40.4	138.9					
1963	1965	6	7.6	INDONESIA	-2.4	126.1	71				71
1964	1965	36	8.7	USA	51.29	178.55				0.01	
3042	1965	18	6.3	GREECE	39.4	24					38
1967	1965	20	7.6	USA	50.32	177.93					
1970	1965		7.2	RUSSIA	44.7	148.7					
1971	1965	40	6.5	USA	53.03	-167.55					
1973	1965	13	7	VANUATU	-15.8	167.2					
1975	1965		7.8	MEXICO	16.3	-95.8					6
1980	1966	48	7.6	TAIWAN	24.1	122.6					7
1981	1966	31	7.1	SOLOMON ISLANDS	-10.343	160.883					
2302	1966		5.5	RUSSIA	44.75	37					
1982	1966	38	8.1	PERU	-10.748	-78.638				2	110
1984	1966	47	7.8	CHILE	-25.5	-70.7					3
2425	1966	83	7.8	SOLOMON ISLANDS	-11.893	166.445					
3033	1966	23	7.2	SOLOMON ISLANDS	-12.334	166.684					
1987	1967	33	5.5	INDONESIA	-3.7	119.3	13				71
1988	1967	100	6.1	INDONESIA	5.5	97.3					14
3349	1967	10	6.5	VENEZUELA	10.6	-67.3					300
1989	1967	30	6.4	PAPUA NEW GUINEA	-4.4	152.5					
1994	1967	33	7.5	CHILE	-21.7	-69.5					1
1996	1968	40	7.3	RUSSIA	43.586	146.701					
1997	1968	15	7.2	GREECE	39.368	24.957					20
1998	1968	30	7.5	JAPAN	32.3	132.5					1
3798	1968	7	4.6	ITALY	44.08	8					
2000	1968	7	8.2	JAPAN	40.8	143.2	52				52
2438	1968	33	7.5	JAPAN	41.5	142.7					
2001	1968	44	7.2	JAPAN	39.4	143.1					
2003	1968	36	7.3	PHILIPPINES	16.5	122.2	1				270
2006	1968	25	7.6	INDONESIA	1.4	126.2					
2007	1968	23	7.8	INDONESIA	0.2	119.8	200	58			200
3297	1968	38	6.6	TURKEY	41.8	32.3					24
2011	1969	13	6.9	INDONESIA	-3.1	118.9	600				664
2012	1969	22	7.8	PORTUGAL	36.017	-10.95					13
3646	1969		7	EGYPT	27.7	34					2
2013	1969	41	6.5	JAPAN	32.2	132.1					
2014	1969	17	5.4	PAPUA NEW GUINEA	-6.6	146.9					
2015	1969	30	8.2	RUSSIA	43.6	147.9					
2016	1969	51	7.7	RUSSIA	57.7	163.6					
2018	1969	7	7.2	GUADELOUPE (FRENCH TERRITORY)	15.8	-59.7					
2019	1970	73	7.6	PHILIPPINES	6.8	126.7					
3309	1970	29	6	USA	57.5	-153.9					
2020	1970	40	7.3	PHILIPPINES	15.78	121.71					15
3073	1970	44	6.5	RUSSIA	43	47.1					
2021	1970	43	7.9	PERU	-9.2	-78.8					66794
2025	1970	34	7	JAPAN	32.2	131.7					
2027	1970	33	5.3	PHILIPPINES	20.6	122					
2028	1970	8	7.3	PAPUA NEW GUINEA	-4.907	145.471	3				18
2303	1970	7	5.1	RUSSIA	43.84	39.34					
2031	1971	30	7.1	USA	51.228	-177.173					
2033	1971	58	7.8	CHILE	-32.5	-71.2					83
2034	1971	47	7.9	PAPUA NEW GUINEA	-5.5	153.9	1				3
2035	1971	48	7.9	PAPUA NEW GUINEA	-4.9	153.2					
2036	1971	51	7.3	JAPAN	41.4	143.5					
2431	1971	9	7.1	RUSSIA	46.5	141.2					
2430	1971	29	5.5	RUSSIA	46.7	141.4					
2038	1971	6	6.6	RUSSIA	46.4	141.1					
2039	1971	16	6.2	RUSSIA	46.3	140.9					
2041	1971	21	6	RUSSIA	46.4	141.1					
2044	1971	33	7.8	RUSSIA	56	163.3					
2045	1972	33	7.5	TAIWAN	22.5	122.3					1
2046	1972	56	7.4	JAPAN	33.3	140.8					
2049	1972	25	7.6	USA	56.82	-135.685					
2051	1972	10	7.1	PAPUA NEW GUINEA	-6	152.9					
2056	1972	66	7.4	JAPAN	33.3	140.7					
2058	1973	43	7.5	MEXICO	18.48	-103					56
2059	1973	27	7.2	RUSSIA	50.5	156.6					
3226	1973	33	7.5	PHILIPPINES	13.4	122.8					15
2060	1973	48	7.7	JAPAN	43.2	145.8				5	
2061	1973	50	7.1	RUSSIA	43.3	146.4					
3506	1973		6.6	RUSSIA	43.2	146.6					
2062	1973	14	6.7	CHILE	-32.5	-71.5					
2063	1974	34	7	SOLOMON ISLANDS	-7.5	155.9					
2064	1974	40	7.1	SOLOMON ISLANDS	-7.4	155.6					
2065	1974	2	6.7	JAPAN	34.6	138.7					30
2067	1974	43	6.7	RUSSIA	43.2	146.7					
2068	1974	13	8.1	PERU	-12.27	-77.79					78
2567	1975	33	7.7	ATLANTIC OCEAN	35.997	-17.649					
2075	1975	15	7	RUSSIA	43.024	147.734					
2076	1975	49	7.9	PAPUA NEW GUINEA	-6.59	155.054					
2079	1975	50	7.6	PHILIPPINES	12.54	125.993	1				1
2080	1975	2	7.7	USA	19.451	-155.033	2	19		1.5	2
5661	1975	33	4.9	FIJI	-18.672	178.464					
2081	1975	33	7.8	SAMOA	-16.265	-172.467					
2083	1976	33	8	NEW ZEALAND	-28.427	-177.657					
2084	1976	41	7	RUSSIA	44.915	149.123					
2085	1976	5	7.5	GUATEMALA	15.324	-89.101					23000
2086	1976	33	8	PHILIPPINES	6.292	124.09	6800	6500		134	8000
2088	1977	33	7.6	SAMOA	-16.696	-172.095					
2089	1977	33	6.8	SOLOMON ISLANDS	-9.828	163.323					34
2568	1977	19	7.6	SOLOMON ISLANDS	-9.89	160.348					
2090	1977	33	8.1	SOLOMON ISLANDS	-9.965	160.731					18
2091	1977	65	7.2	TONGA	-22.878	-175.9					
2092	1977	33	8	INDONESIA	-11.085	118.464	189	75		1.2	189
2096	1978		6.6	JAPAN	34.809	139.259					25
2097	1978	33	6.7	RUSSIA	44.026	149.002					
2569	1978	33	6.6	RUSSIA	44.14	149.029					
2099	1978	46	6.8	RUSSIA	44.209	148.971					
2101	1978	33	7.5	RUSSIA	44.932	148.439					
2103	1978	33	7.6	RUSSIA	44.244	148.862					
2105	1978	44	7.7	JAPAN	38.19	142.03					28
2106	1978	24	6.9	PHILIPPINES	8.249	122.403					
2108	1978	17	7.4	TAIWAN	22.282	121.512					
4277	1978	30	4.4	SPAIN	36.37	-6.98					
2110	1979	10	6.4	JAPAN	40.232	143.703					
2111	1979	15	7.5	USA	60.691	-141.671					
2112	1979	49	7.6	MEXICO	17.813	-101.276					5
2113	1979	10	6.9	MONTENEGRO	42.096	19.209					131
2119	1979	5	7.9	INDONESIA	-1.679	136.04	100				115
2122	1979	24	7.7	COLOMBIA	1.598	-79.358	600	20000		8	600
4259	1980	10	7.2	PORTUGAL	38.815	-27.78					69
2123	1980	44	7	RUSSIA	43.53	146.753					
2124	1980	15	6.2	JAPAN	34.808	139.181					
2125	1980	33	7.9	SOLOMON ISLANDS	-12.525	165.916					
2916	1980	10	7.7	ALGERIA	36.195	1.354					5000
2126	1981		6.9	JAPAN	38.64	142.75					
2128	1981	33	6.7	GREECE	38.222	22.934					22
5417	1981	29	6.4	GREECE	38.209	23.288					
2130	1981	33	7.6	NEW ZEALAND	-48.786	164.357					
2131	1981	25	7.7	SAMOA	-14.96	-173.085					
2132	1981	28	7.3	MEXICO	18.084	-102.084					9
2135	1982	44	6.9	JAPAN	42.158	142.361					
2136	1982	37	7.2	JAPAN	36.194	141.702					
2137	1982	33	7.5	TONGA	-24.133	-175.864					
2139	1982	22	6.4	JAPAN	33.826	139.434					
2917	1983		7.2	GREECE	38.026	20.228					
2140	1983	17	6.9	INDONESIA	-4.056	127.924					
2141	1983	89	7.9	PAPUA NEW GUINEA	-4.883	153.581					
2142	1983	24	7.8	JAPAN	40.462	139.102	100	324		800	104
2144	1983	26	5.9	JAPAN	40.249	138.948					
2145	1983	10	6.9	JAPAN	41.346	139.099					
2147	1983	63	7.1	RUSSIA	55.867	161.287					
2148	1983	29	6.6	PHILIPPINES	18.231	120.86					16
2149	1983	15	7.7	CHILE	-26.535	-70.563					5
2150	1983	10	7.7	UK TERRITORY	-6.852	72.11					
2152	1984	29	5.4	GREECE	38.396	22.094					
2153	1984	44	7.2	RUSSIA	44.117	148.192					
2154	1984	41	5.5	JAPAN	31.448	140.036					
2155	1984	46	7	JAPAN	32.386	131.945					
2156	1984	48	6.9	JAPAN	34.006	141.5					
2157	1984	33	6.8	RUSSIA	56.194	163.46					
2158	1985	33	8	CHILE	-33.132	-71.708					180
2159	1985	13	6.4	GUADELOUPE (FRENCH TERRITORY)	17.013	-62.448					
2162	1985	28	8	MEXICO	18.19	-102.533					9500
2163	1985	31	7.6	MEXICO	17.802	-101.647					
2164	1986	31	8	USA	51.52	-174.776					
2166	1986	29	7.8	NEW ZEALAND	-28.117	-176.367					
3507	1986	34	7.8	TAIWAN	23.901	121.574					15
2167	1987	48	6.7	JAPAN	36.988	141.689					
2168	1987	55	7.4	PAPUA NEW GUINEA	-6.088	147.689					3
2169	1987	62	7.6	CHILE	-24.388	-70.161					1
2170	1987	54	6.7	JAPAN	32.034	131.837					2
2171	1987	23	5.1	JAPAN	37.447	137.865					
2173	1987	48	6.7	VANUATU	-14.074	167.828					
2174	1987	16	7.3	TONGA	-17.94	-172.225					
2175	1987	25	7	PAPUA NEW GUINEA	-7.288	154.371					
2176	1987	48	7.4	PAPUA NEW GUINEA	-6.266	149.06					
2177	1987	10	7.2	USA	58.586	-143.27					
2179	1987	10	7.9	USA	58.679	-142.786					
2180	1988	37	7.2	CHILE	-24.753	-70.433					
2181	1988	15	7.8	USA	57.262	-142.747					
2182	1988	53	5.4	PHILIPPINES	18.606	121.013					
2183	1988	53	6.8	PAPUA NEW GUINEA	-5.964	148.78					
2184	1988	36	7.6	SOLOMON ISLANDS	-10.258	160.896	1				1
2185	1989	10	8.1	AUSTRALIA	-52.341	160.568					
2186	1989	9	6.5	USA	19.362	-155.083					
2187	1989	11	7.1	USA	55.543	-156.835					
2188	1989	19	6.9	USA	37.036	-121.883					62
2189	1989	10	6.5	JAPAN	39.571	143.333					
2369	1989	26	4.4	USA TERRITORY	18.986	-68.833					
2190	1989	29	7.4	JAPAN	39.837	142.76					
5440	1990	26	6.6	PHILIPPINES	9.755	124.694					
2191	1990	14	6.4	JAPAN	34.706	139.252					
2192	1990	22	7	COSTA RICA	9.919	-84.808					
2194	1990	11	7.5	USA TERRITORY	15.125	147.596					
2196	1990	10	6.5	JAPAN	33.267	138.643					
2197	1990	11	5.3	ITALY	37.3	15.438					19
2198	1990	10	6.3	TAIWAN	23.722	121.627					
2199	1991	10	6.9	SOLOMON ISLANDS	-9.929	159.139					
2200	1991	39	5.7	RUSSIA	48.268	154.328					
2201	1991	20	6.7	USA	58.427	-175.45					
2202	1991	10	7.6	COSTA RICA	9.685	-83.073	2				89
2205	1991	23	7.2	SOLOMON ISLANDS	-9.094	158.442					
2207	1992		3.7	CHINA	18	108					
2208	1992	15	7.2	USA	40.368	-124.316					
2209	1992	33	7.3	PHILIPPINES	7.191	126.762					
2211	1992	29	7	JAPAN	39.419	143.33					
2213	1992	40	7.7	NICARAGUA	11.727	-87.386	170	489		30	170
2214	1992	28	7.8	INDONESIA	-8.48	121.896	1169	500		100	2500
2215	1993	11	6.3	JAPAN	37.634	137.245					
5602	1993	10	6.4	WALLIS AND FUTUNA (FRENCH TERRITORY)	-14.385	-178.252					5
2218	1993	71	7.5	RUSSIA	51.218	157.829					
2219	1993	17	7.7	JAPAN	42.851	139.197	208	233		1207	231
2220	1993	13	6.3	JAPAN	41.985	139.839					
2221	1993	59	7.8	USA TERRITORY	12.982	144.801					
2222	1993	34	7	RUSSIA	51.934	158.647					
2223	1994	18	6.7	USA	34.213	-118.537					60
2224	1994	20	7	INDONESIA	1.015	127.733					9
2226	1994	13	6.4	JAPAN	40.608	143.683					
2227	1994	18	7.8	INDONESIA	-10.477	112.835	238	423		2.2	238
2592	1994	26	6.6	INDONESIA	-10.362	112.892					
2593	1994	17	6.1	INDONESIA	-10.341	113.369					
2228	1994	10	7	USA	40.402	-125.68					
2230	1994	14	8.3	RUSSIA	43.773	147.321					11
2231	1994	17	6.8	INDONESIA	-1.258	127.98	1	52			1
2232	1994	33	7.3	RUSSIA	43.905	147.916					
2234	1994	32	7.1	PHILIPPINES	13.525	121.067	81	225		3.7	81
2235	1994	27	7.8	JAPAN	40.525	143.419					3
2236	1995	22	6.9	JAPAN	34.583	135.018					5502
2240	1995	21	7.4	SAMOA	-15.199	-173.529					
2241	1995	21	7.2	PHILIPPINES	12.059	125.58					
2242	1995	23	6.8	PHILIPPINES	12.047	125.92					
2245	1995	13	6.9	INDONESIA	-8.452	125.049	11	19			11
2246	1995	20	7.7	NEW CALEDONIA	-23.008	169.9					
2247	1995	11	7.1	RUSSIA	52.629	142.827					1989
2248	1995	14	6.5	GREECE	38.401	22.283					26
2249	1995	46	8	CHILE	-23.34	-70.294				0.131	3
2250	1995	30	7.7	PAPUA NEW GUINEA	-5.799	154.178					
2251	1995	23	7.4	MEXICO	16.779	-98.597					3
2252	1995	33	8	MEXICO	19.055	-104.205	1				50
2253	1995	28	7.1	JAPAN	27.929	130.175					
2254	1995	20	6.8	JAPAN	28.094	130.148					
2255	1995	20	6.7	CHILE	-28.906	-71.417					
2256	1995	10	7.2	EGYPT	28.826	34.799					12
2257	1995	33	7.9	RUSSIA	44.663	149.3					
2259	1996	24	7.9	INDONESIA	0.729	119.931	9	63		1.2	9
2260	1996	33	8.2	INDONESIA	-0.891	136.952	110	100		4.2	164
2261	1996	10	7.5	PERU	-9.593	-79.587	12	57			12
2262	1996	21	7.1	MEXICO	15.978	-98.07					
2263	1996	33	7.9	USA	51.564	-177.632					
2264	1996	24	7.3	USA	51.478	-176.847					
2265	1996	33	5.7	JAPAN	31.555	139.931					
2266	1996	10	6.9	CHILE	-22.118	-113.436					
5641	1996	20	6.8	TAIWAN	21.898	121.498					
2267	1996	10	6.6	JAPAN	30.568	131.093					
2268	1996	22	6.7	JAPAN	31.885	131.468					
2269	1996	33	7.7	PERU	-14.993	-75.675					14
2270	1996	49	6.7	JAPAN	31.789	131.314					
2273	1997	33	7.7	SOLOMON ISLANDS	-12.584	166.676					
2274	1997	20	7	VENEZUELA	10.598	-63.486					81
3034	1997	10	6.2	JAPAN	31.959	141.878					
2275	1997	167	7.7	TONGA	-22.1	-176.77					
2277	1997	33	7.8	RUSSIA	54.841	162.035					
2587	1998	10	8.1	ANTARCTICA	-62.877	149.527					
2280	1998	33	7.5	TAIWAN	22.306	125.308					
2281	1998	25	7	PAPUA NEW GUINEA	-2.943	142.582	1636	1000			1636
2326	1999	13	7.6	TURKEY	40.76	29.97	155				17118
2339	1999	33	7.5	VANUATU	-16.423	168.214	5				10
2338	2000	26	7.6	INDONESIA	-1.105	123.573					46
2341	2000	10	7.9	AUSTRALIA	-13.802	97.453					
2340	2000	10	6.1	JAPAN	34.221	139.131					1
3508	2000	10	6.1	JAPAN	34.319	139.26					
3509	2000	10	6.5	JAPAN	33.901	139.376					
2352	2000	17	8	PAPUA NEW GUINEA	-4.001	152.327					2
5444	2001	60	7.7	EL SALVADOR	13.049	-88.66					844
2373	2001	33	8.4	PERU	-16.265	-73.641	26		70		103
5609	2001	20	6.1	CANADA	52.63	-132.2					
2404	2001	14	6.8	TAIWAN	23.954	122.734					
2397	2002	21	7.2	VANUATU	-17.6	167.856					
2394	2002	31	7.5	PHILIPPINES	6.033	124.249					15
2395	2002	33	6.4	JAPAN	23.346	124.09					
2396	2002	33	7.1	TAIWAN	24.279	122.179					5
2398	2002	13	7.6	PAPUA NEW GUINEA	-3.26	142.94					4
2399	2002	21	6.5	INDIA	13.036	93.068					2
2401	2003	33	7.3	SOLOMON ISLANDS	-10.491	160.77					
2402	2003	24	7.5	MEXICO	18.77	-104.104					29
2403	2003	12	6.8	ALGERIA	36.964	3.634					2266
3618	2003	8	5.7	ALGERIA	36.939	3.578					9
2953	2003	28	7.2	NEW ZEALAND	-45.104	167.144					
2406	2003	27	8.3	JAPAN	41.815	143.91					
2428	2003	10	7	JAPAN	37.812	142.619					
2429	2003	33	7.8	USA	51.146	178.65					
3015	2003	10	6.1	NEW CALEDONIA	-22.107	169.35					
2434	2004	17	6.7	INDONESIA	-3.12	127.4					
4562	2004	27	5.3	JORDAN	31.675	35.551					
2436	2004	14	7.2	JAPAN	33.07	136.618					
2437	2004	10	7.4	JAPAN	33.184	137.071					
3012	2004	10	6.6	CANADA	49.277	-128.772					
3013	2004	10	7.5	INDONESIA	-8.152	124.868					34
2693	2004	14	6.3	GUADELOUPE (FRENCH TERRITORY)	15.679	-61.706					
5517	2004	10	7.1	NEW ZEALAND	-46.676	164.721					
2921	2004	39	7	JAPAN	43.006	145.119					
3014	2004	10	8.1	AUSTRALIA	-49.312	161.345					
2439	2004	30	9.1	INDONESIA	3.316	95.854	227899			10000	227899
2466	2005	28	6.6	JAPAN	34.064	141.491					
4802	2005	12	5.8	GUADELOUPE (FRENCH TERRITORY)	15.775	-61.744					
2487	2005	30	8.7	INDONESIA	2.085	97.108	10				1313
2507	2005	19	6.7	INDONESIA	-1.644	99.607					
2547	2005	10	7.2	USA	41.301	-125.97					
2548	2005	36	7.2	JAPAN	38.276	142.039					
2590	2005	11	7	JAPAN	38.107	144.896					
2875	2006	30	6.7	INDONESIA	-3.595	127.214	4				4
2749	2006	55	8	TONGA	-20.187	-174.123					
2832	2006	34	7.7	INDONESIA	-9.254	107.411	802	498		55	802
2972	2006	28	6.9	SAMOA	-16.592	-172.033					
3017	2006	39	6.7	USA	19.878	-155.935					
3016	2006	10	8.3	RUSSIA	46.592	153.266		1			
3622	2006	10	7	CHINA	21.799	120.547					2
3019	2007	10	8.1	RUSSIA	46.243	154.524					
3038	2007	34	7.1	VANUATU	-20.617	169.357					
3035	2007	8	6.7	JAPAN	37.336	136.588					1
3037	2007	10	8.1	SOLOMON ISLANDS	-8.46	157.044	50				52
3044	2007		6.2	CHILE	-45.285	-72.606	8				10
3104	2007	10	6.6	JAPAN	37.57	138.478					9
3155	2007	5	6.2	RUSSIA	47.116	141.798					2
3156	2007	21	6.7	USA	51.307	-179.971					
3168	2007	39	8	PERU	-13.386	-76.603	3				514
3598	2007	35	7.2	SOLOMON ISLANDS	-11.61	165.762					
3228	2007	34	8.4	INDONESIA	-4.438	101.367					25
3248	2007	10	7.4	NEW ZEALAND	-49.418	163.954					
3293	2007	40	7.7	CHILE	-22.247	-69.89					2
5441	2007	156	7.4	MARTINIQUE (FRENCH TERRITORY)	14.944	-61.274					
3599	2007	153	7.8	KERMADEC ISLANDS	-25.996	-177.514					
3382	2008	25	6.5	INDONESIA	-2.486	99.972					
3505	2008	35	7.3	NEW CALEDONIA	-20.071	168.892					
3558	2008	22	6.9	JAPAN	37.552	142.214					
3589	2008	25	6.8	JAPAN	41.892	143.754					6
3623	2008	30	7.3	INDONESIA	1.271	122.091					6
3647	2009	17	7.6	INDONESIA	-0.414	132.885					5
3649	2009	23	7.3	INDONESIA	-0.691	133.305					
3691	2009	36	7.4	RUSSIA	46.857	155.154					
3692	2009	22	7.2	INDONESIA	3.884	126.397					
4312	2009	34	7.6	TONGA	-23.046	-174.659					
4356	2009	10	7.3	HONDURAS	16.72	-86.236					7
4376	2009	12	7.8	NEW ZEALAND	-45.762	166.562					
4419	2009	5	7.5	INDIA	14.099	92.888					
4418	2009	40	6.4	JAPAN	34.743	138.264					1
4482	2009	20	6.7	INDONESIA	-1.479	99.49					
4440	2009	18	8.1	SAMOA	-15.489	-172.095	192	7		285	192
4441	2009	81	7.5	INDONESIA	-0.72	99.867					1117
4442	2009	45	7.6	VANUATU	-13.006	166.51					
4522	2010	26	6.6	SOLOMON ISLANDS	-8.743	157.477					
4523	2010	25	7.1	SOLOMON ISLANDS	-8.799	157.346					
4542	2010	15	6.8	SOLOMON ISLANDS	-9.019	157.551					
4622	2010	13	7	HAITI	18.457	-72.533	7				316000
4782	2010	25	7	JAPAN	25.93	128.425					
4682	2010	23	8.8	CHILE	-36.122	-72.898	156	12000		30000	558
4722	2010	11	6.9	CHILE	-34.29	-71.891					
4763	2010	31	7.8	INDONESIA	2.383	97.048					
4902	2010	35	7.5	INDIA	7.881	91.936					
5222	2010	25	7.2	VANUATU	-17.541	168.069					
5343	2010	10	6.9	USA TERRITORY	12.484	141.476					
5342	2010	20	7.8	INDONESIA	-3.487	100.082	431			39	431
5402	2010	14	7.4	JAPAN	26.901	143.698					
5403	2010	16	7.3	VANUATU	-19.702	167.947		4			
5419	2011	24	6.5	VANUATU	-19.157	168.311					
5406	2011	28	6.8	CHILE	-36.474	-73.125					
5412	2011	32	7.5	JAPAN	38.435	142.842					
5413	2011	30	9.1	JAPAN	38.297	142.372	18453	6152		220085.456	18453
5429	2011	42	7.1	JAPAN	38.276	141.588					3
5432	2011	52	7.3	USA	52.05	-171.836					
5430	2011	17	7.6	NEW ZEALAND	-29.539	-176.34					
5431	2011	23	7	JAPAN	38.034	143.264					
5437	2011	32	7.1	VANUATU	-18.365	168.143					
5436	2011	28	7	VANUATU	-18.311	168.218					
5438	2011	32	6.8	USA	52.171	-171.708					
5439	2011	33	7.4	NEW ZEALAND	-28.993	-176.238					
5442	2012	23	7	VANUATU	-17.827	167.133					
5446	2012	12	6.9	JAPAN	40.887	144.944					
5447	2012	20	7.4	MEXICO	16.493	-98.231					2
5449	2012	20	8.6	INDONESIA	2.327	93.063					10
5450	2012	25	8.2	INDONESIA	0.802	92.463					
5451	2012	11	6.3	VANUATU	-18.972	168.741					
5462	2012	28	7.3	EL SALVADOR	12.139	-88.59		40			
5463	2012	28	7.6	PHILIPPINES	10.811	126.638					1
5464	2012	35	7.6	COSTA RICA	10.085	-85.315					2
5467	2012	14	7.7	CANADA	52.788	-132.101	1				1
5468	2012	24	7.3	GUATEMALA	13.988	-91.895					48
5469	2012	31	7.2	JAPAN	37.89	143.949					
5472	2013	10	7.5	USA	55.393	-134.652					
5476	2013	24	7.9	SOLOMON ISLANDS	-10.766	165.114	10	15			10
5477	2013	21	7	SOLOMON ISLANDS	-10.928	166.018					
5491	2013	17	6.5	NEW ZEALAND	-41.704	174.337					
5519	2013	10	6.5	NEW ZEALAND	-41.731	174.027					
5506	2013	47		PAKISTAN	25.18	62.26					825
5533	2013	10	7.1	JAPAN	37.2	144.6					
5534	2013	10	7.7	ANTARCTICA	-60.274	-46.401					
5555	2014	21	6.7	CHILE	-19.965	-70.814					
5557	2014	25	8.2	CHILE	-19.61	-70.769					7
5558	2014	22	7.7	CHILE	-20.571	-70.493					
5559	2014	23	7.6	SOLOMON ISLANDS	-11.27	162.148					
5560	2014	39	7.4	SOLOMON ISLANDS	-11.463	162.051					
5563	2014	24	7.2	MEXICO	17.397	-100.972					
5564	2014	43	7.5	PAPUA NEW GUINEA	-6.755	155.024					
5572	2014	20	6.9	NEW ZEALAND	-29.977	-177.725					
5571	2014	109	7.9	USA	51.849	178.735					
5574	2014	20	6.5	JAPAN	37.005	142.453					
5575	2014	10	6.1	USA	58.306	-136.96					
5577	2014	16	7	CHILE	-32.108	-110.811					
5607	2014	40	7.3	EL SALVADOR	12.526	-88.123					1
5578	2014	45	7.1	INDONESIA	1.893	126.522					
5580	2015	23	6.7	JAPAN	39.856	142.881					
5582	2015	10	6.4	VANUATU	-16.431	168.148					
5581	2015	40	7.5	PAPUA NEW GUINEA	-4.76	152.556					
5584	2015	33	5.7	JAPAN	31.594	140.167					
5583	2015	42	7.5	PAPUA NEW GUINEA	-5.465	151.886					
5589	2015	12	6.7	SOLOMON ISLANDS	-9.303	158.396					
5588	2015	10	7	SOLOMON ISLANDS	-10.444	165.172					
5591	2015	29	6.9	USA	52.736	-169.446					
5590	2015	22	8.3	CHILE	-31.573	-71.674	8				15
5592	2015	10	6.9	CHILE	-29.439	-72.105					
5593	2015	12	6.7	JAPAN	30.991	128.877					
5594	2015	11	6.5	GREECE	38.755	20.552					2
5598	2016	24	7.8	INDONESIA	-4.908	94.275					
5599	2016	21	7.8	ECUADOR	0.382	-79.922					663
5600	2016	27	7	VANUATU	-16.074	167.393					
5604	2016	10	7.2	NEW CALEDONIA	-22.495	173.111					
5605	2016	10	7.4	UK TERRITORY	-55.279	-31.874					
5606	2016	19	7.1	NEW ZEALAND	-37.401	179.055					
5613	2016		7.8	NEW ZEALAND	-42.757	173.077					2
5618	2016	11	6.9	JAPAN	37.392	141.403					
5620	2016	10	7	NICARAGUA	11.96	-88.835					
5630	2016	41	7.8	SOLOMON ISLANDS	-10.665	161.335					1
5632	2016	21	6.9	SOLOMON ISLANDS	-10.73	161.107					
5636	2016	103	7.9	PAPUA NEW GUINEA	-4.509	153.45					
5637	2016	35	7.6	CHILE	-43.416	-73.88					
5639	2017	17	6.9	FIJI	-19.326	176.053					
5642	2017	136	7.9	PAPUA NEW GUINEA	-6.214	155.122					
5647	2017	25	6.9	CHILE	-33.073	-72.051					
5648	2017	26	6.9	PHILIPPINES	5.516	125.093		2			
5649	2017	2	6.2	USA	59.844	-136.695					
5652	2017	10	6.3	GREECE	38.932	26.364					1
5654	2017	11	7.7	RUSSIA	54.472	168.815					
5655	2017	10	6.7	TURKEY	36.949	27.458					2
5658	2017	47	8.2	MEXICO	15.022	-93.899					98
5663	2017	11	6.8	NEW CALEDONIA	-21.66	169.203					
5664	2017	10	6.6	NEW CALEDONIA	-21.63	168.884					
5670	2017	10	7	NEW CALEDONIA	-21.334	168.683					
5672	2018	10	7.5	HONDURAS	17.474	-83.519					
5675	2018	36	7.1	PERU	-15.776	-74.744					
5673	2018	25	7.9	USA	56.046	-149.073					
5676	2018			PAPUA NEW GUINEA	-3.608	144.588					
5678	2018	5	6.9	USA	19.37	-155.032					
5683	2018			USA							
5684	2018			SPAIN			1				1
5685	2018	31	6.9	INDONESIA	-8.287	116.452					560
5686	2018	563	8.2	FIJI	-18.178	-178.111					
5687	2018	154	7.3	VENEZUELA	10.855	-62.883					5
5688	2018	27	7.1	NEW CALEDONIA	-22.066	170.05					
5689	2018	10	7.5	INDONESIA	-.178	119.84	4340	10679	69483	1500	4340
5725	2018	17	6.5	NEW CALEDONIA	-21.743	169.522					
5690	2018	14	6.8	GREECE	37.506	20.563					
5698	2018	10	7.5	NEW CALEDONIA	-21.969	169.446					
5714	2018			RUSSIA	50.56	131.47					
5699	2018			INDONESIA	-6.102	105.423	437	31943	2844	250	437
5705	2019	10	7.6	PAPUA NEW GUINEA	-4.051	152.597					
5710	2019	11	6.4	CHILE	-30.056	-72.082					
5711	2019	34	7.2	NEW ZEALAND	-30.805	-178.095					
5712	2019	12	6.4	JAPAN	38.646	139.472					
5716	2019			ITALY	38.789	15.213					
5733	2019	33	7.1	INDONESIA	1.6	126.416					1
5736	2020	10	6.4	USA TERRITORY	17.916	-66.813					4
5740	2020	10	7.7	CUBA	19.44	-78.755					
5746	2020	57	7.5	RUSSIA	48.986	157.693					
5747	2020	17	6.6	GREECE	34.205	25.712					
5748	2020			INDONESIA	-8.058	114.242	1				1
